files/p10/p10003502/s50084553/70d7e600-373c1311-929f5ff9-23ee3621-ff551ff9.jpg 1 1 0
files/p10/p10003502/s52139270/550e6f3b-f008c1d0-8d2dee2a-649b30f4-101a98cc.jpg 1 1 0
files/p10/p10003502/s52309364/e0275ad1-1e6a7451-c3960f5f-1267a188-547b73a1.jpg 1 1 0
files/p10/p10003502/s53282957/eb2fabb7-4bbc8aab-d7371282-08e5bcb5-de2e430a.jpg 1 1 0
files/p10/p10003502/s53836463/371aaea8-195e21b2-ba5a2856-54803ecf-1b72d88b.jpg 1 0 0
files/p10/p10198310/s52908323/ff7d1ad3-f6e1cd09-288ac039-d69f45d4-8ebbacf3.jpg 1 0 0
files/p10/p10198310/s59538225/3971a847-5fdaeaec-226d2538-7ef67cf3-d5955a86.jpg 0 0 0
files/p10/p10199765/s56226668/53875428-43e38b4f-4474877c-8f58e8c1-9a189004.jpg 0 0 0
files/p10/p10199765/s56874598/b7b5e3b9-d55d332f-ebd0edf9-b48553d6-376f7a96.jpg 0 0 0
files/p10/p10244947/s58927269/d98a4431-acba5ef8-f0c5fe0c-b1b0900e-13276d61.jpg 0 0 0
files/p10/p10248673/s55182796/5af7f675-13339075-9c8b61d4-bf098f85-30636763.jpg 0 1 0
files/p10/p10248673/s55680175/81d06e6f-8036e3cb-2cc3e83e-53754192-6adfd7ae.jpg 0 1 0
files/p10/p10253119/s57118642/24386f31-41e447f6-dd0abcfa-ac74f2fe-431699ec.jpg 0 0 0
files/p10/p10261230/s54512270/46583e03-f42311f4-87dca60a-c4c12f22-0fe13c7f.jpg 1 0 0
files/p10/p10287742/s58092224/f2c7b3a4-c8299236-db971a34-5b06646b-233f91ae.jpg 0 0 1
files/p10/p10308375/s52139824/53f5b331-b246e0f1-f7e1d461-eb3139a0-caf707e0.jpg 0 1 0
files/p10/p10308375/s55091382/42fb9144-0cd336f1-4e3ecd64-a3e859ef-2647d4b0.jpg 0 1 0
files/p10/p10337896/s50223793/5aab99c5-9eddcc03-d82c31f8-f7578391-c74b9f65.jpg 0 1 0
files/p10/p10337896/s50519407/47dd9117-4908216e-6fa039c8-2d7a1454-74151fad.jpg 0 1 0
files/p10/p10337896/s50880103/e5cd4468-946415a5-4559575d-56536274-59b03c5d.jpg 1 1 0
files/p10/p10337896/s53275640/ac8d6143-a581f133-eafa59da-4f66bc75-4693997c.jpg 1 1 0
files/p10/p10337896/s53323373/15034ac9-409361f3-6164c82a-a854b0cb-06ae3a8d.jpg 0 1 0
files/p10/p10337896/s53482443/e7f2ad9b-a5698623-14f87c8b-47a99b0b-31959f7a.jpg 0 1 0
files/p10/p10337896/s53778461/58ac68b5-24c8cb7d-62f38524-4c03808a-0329f3c6.jpg 0 1 0
files/p10/p10337896/s53799148/c13cd8dd-8b083466-64564d12-69441e5d-7b8a2515.jpg 0 1 0
files/p10/p10337896/s54785280/1cf4fc4f-428e8580-055a5630-45455deb-5c72df9c.jpg 0 1 0
files/p10/p10337896/s55022783/8c563705-ea74b74f-c379e0f7-91cd0b0e-b7ed81d8.jpg 0 1 0
files/p10/p10337896/s55070875/3eb3bf96-c5401aea-07178eee-c43e5e80-600f6a33.jpg 0 0 0
files/p10/p10337896/s55070875/44bec237-520a0e5b-80e20d64-2c0a9036-c8766a81.jpg 0 0 0
files/p10/p10337896/s55705635/ce5750a7-68ea7a3c-9170b26c-f86bd4a4-dea2e2f2.jpg 0 1 0
files/p10/p10337896/s55929666/69edea97-d76e1e86-638a39dc-13ee8420-6f3385ef.jpg 0 1 0
files/p10/p10337896/s56165736/48cf431a-5b1083d0-c462c8be-aa9fd33a-a36fd88d.jpg 0 0 0
files/p10/p10337896/s56165736/7fef0afd-85293903-b15562d2-3b827aee-1405b065.jpg 0 0 0
files/p10/p10337896/s56271118/c81c9275-d9fbf1b0-d61f3278-28a1d56b-6fc5dec5.jpg 1 0 0
files/p10/p10337896/s56329890/4bfa0065-4e743c19-876b8f5d-7295f3b5-a37cc274.jpg 0 1 0
files/p10/p10337896/s56329890/7a04d256-8236b272-b4ccee81-b556f1dd-9df7b98a.jpg 0 1 0
files/p10/p10337896/s56437767/b6a12938-a1f0ed52-bca8e3f0-728b69ec-d2bc0a92.jpg 0 0 0
files/p10/p10337896/s56539620/15917c30-2a205e52-c91a4c3e-cd99632c-0e9d82d2.jpg 0 1 0
files/p10/p10337896/s56539620/603d88d1-87fcfddd-63120bbc-0d84d3ff-c0793f3e.jpg 0 1 0
files/p10/p10337896/s56902361/7aca64c9-d64297cc-102477f2-a8ca30e1-7b90cf8c.jpg 1 1 0
files/p10/p10337896/s57080785/11835a49-689d7896-d692a675-ea26b04a-9b11c20f.jpg 0 0 0
files/p10/p10337896/s57080785/3b2a9672-8cd9b992-a96c4d95-6a081155-fd543b5e.jpg 0 0 0
files/p10/p10337896/s57554911/a9390c8a-a8ea6990-7b9e1035-281e4eee-754368be.jpg 1 1 0
files/p10/p10337896/s57814257/f65f9193-62ebcf82-99968803-f13a04d1-f2c529b5.jpg 0 1 0
files/p10/p10337896/s58472100/837a3315-a9ccd709-59623363-1b86d9d7-0682317f.jpg 1 1 0
files/p10/p10337896/s59930189/56ba2b4a-a47cedaf-139af8c9-10d8a957-74ec4f4f.jpg 1 1 0
files/p10/p10401700/s50064627/acf8db28-7be06aa5-dec86122-ecb7e055-f198a3f8.jpg 0 0 0
files/p10/p10522265/s50421811/d5aedb5c-3e300b8e-4ab8aa68-066f67dc-cfe7bd84.jpg 1 1 0
files/p10/p10522265/s52497746/17077b64-972ced4d-1dd026ac-595f3151-121e9520.jpg 1 1 0
files/p10/p10522265/s54528409/3b6ecb77-1f0b496f-0e7298e0-2805ed0e-616e6f35.jpg 0 0 0
files/p10/p10522265/s55255109/b9454df6-7f75440e-9f3f32d4-038f3447-0c48ce72.jpg 0 0 0
files/p10/p10522265/s55807323/88d07416-c595d584-b0eec579-babde77f-c3ce90be.jpg 0 0 0
files/p10/p10522265/s57136358/1dd6b552-6d7354f6-6087977b-ed48e39a-5eecc163.jpg 0 0 0
files/p10/p10522265/s58007779/5112f0c8-88daad36-4b8ec976-5df44b65-9b6b621b.jpg 0 1 0
files/p10/p10522265/s58814809/4f448157-5d85f1e3-0eb6b849-f1fbf95f-0e6d1f6b.jpg 0 0 0
files/p10/p10522265/s58814809/87c1098e-9c3bb6e3-a61f96b2-ee3edd92-93ac1cdf.jpg 0 0 0
files/p10/p10543994/s50269819/5ed42390-a6bef7ec-7a5f8cd0-59d4304d-6a85c880.jpg 1 0 0
files/p10/p10543994/s52330535/b3d6304a-bf9f636f-6eba19df-d0e27e8d-4d62934b.jpg 0 0 0
files/p10/p10543994/s53418566/78383c35-b9b27e1d-2f9fa023-af32c4bc-0e8f6a90.jpg 1 0 0
files/p10/p10543994/s54489908/7abd173d-1d1b5df7-ff08e42a-7d346b58-6e49dcec.jpg 0 0 0
files/p10/p10543994/s58967663/e666163a-857953ec-9b3034d3-6020c1aa-12c0c11a.jpg 1 1 0
files/p10/p10543994/s59627293/ef13f435-fe872e16-39f17cfe-50700e9c-c69a04d3.jpg 1 0 0
files/p10/p10569231/s53678530/f81a519e-734afad4-3d6c87f8-6434f949-a7676b82.jpg 0 0 0
files/p10/p10569231/s55488757/8bd08c70-fbb6e2dc-4a5730ee-8a7a80b5-c496867e.jpg 0 0 0
files/p10/p10575714/s59777295/c027d8f8-d7e3b702-251c84f4-f4630cbf-72e59727.jpg 0 0 0
files/p10/p10580208/s53675993/a7955cff-d2fccb0b-b49d4a97-71d64c98-d657a78b.jpg 1 1 0
files/p10/p10580208/s54794964/43fe7b33-07803c3a-c3cdc4b6-7a8f7f94-e7e6e01a.jpg 1 1 0
files/p10/p10617538/s59001230/cb19438f-641f1bf4-e5b7d045-351ae8c3-892e9013.jpg 0 0 0
files/p10/p10649970/s50701407/a1c8c7ce-7da30482-9513e5d6-e9c94ca0-4ce8696a.jpg 0 0 0
files/p10/p10738077/s52247104/df51559d-507712fb-fa6e2962-7da4f76b-a209ffe9.jpg 0 0 0
files/p10/p10750092/s51178141/6a83b24c-67c3269a-c2c1b295-6bde13b8-b9bab43c.jpg 0 1 0
files/p10/p10750092/s52347962/f9f2994d-0072f6aa-32cf61c7-af016a0a-5e32b37a.jpg 0 0 0
files/p10/p10750092/s54397816/0467c521-bdba9798-87b7c0cf-b1e76b40-5fcd1444.jpg 1 0 0
files/p10/p10750092/s55148571/28bcbc77-70736463-dc95285f-40b115a7-5d7b7f15.jpg 0 0 0
files/p10/p10750092/s55148571/791ef542-9bf794a8-96dd48ff-588a38ed-9b686f16.jpg 0 0 0
files/p10/p10750092/s57870796/ce531719-78a6c8a0-6db6ac35-9786e10c-8ff62104.jpg 1 0 0
files/p10/p10773739/s54534488/e6f661d0-3ef9f93a-c00603f2-8e7d049d-6a3a0581.jpg 1 1 0
files/p10/p10773739/s57343946/203fcaff-aaa7aa30-f1eeb9d0-d903b93f-b2bc1a10.jpg 1 1 0
files/p10/p10773739/s58663163/4f3d57de-827269dc-785ac7cd-9b9c4f86-8366d5da.jpg 1 1 0
files/p10/p10803114/s50512608/49910657-1f377f22-5cc20631-adab4e1a-1debb4b0.jpg 0 0 1
files/p10/p10803114/s50901934/a239d4b6-5c88ad05-ed28dae6-22f93f18-4538a559.jpg 0 0 1
files/p10/p10803114/s52569432/21b088f4-785d17f9-7d448101-6744c865-87dd790b.jpg 0 1 0
files/p10/p10803114/s53287973/24dcc6bd-268da180-8371ae76-64cd7bcd-550a8701.jpg 0 1 1
files/p10/p10803114/s53696310/dd5da479-b1000fad-3146bb1a-6a6c7244-25e07794.jpg 0 1 0
files/p10/p10803114/s56530218/2bbed805-9edabe38-d0476a90-21720847-53aa7ab7.jpg 0 1 1
files/p10/p10803114/s56530218/4e706237-7bfcb1f1-73ed2f42-d39a58df-de79389a.jpg 0 1 1
files/p10/p10803114/s56814699/44a77474-9433858c-b46ea842-b78cbd76-b08fc180.jpg 0 0 0
files/p10/p10817099/s51966317/0f2ba928-9c1965d7-afbe3c98-6b530f76-f000ae54.jpg 0 0 0
files/p10/p10893584/s53265978/e5ba8565-97cf1086-bd6674d6-78042027-ad400dce.jpg 0 0 0
files/p10/p10893902/s54173236/4432d858-426db8ec-8226951b-4df0ed71-68761d4e.jpg 0 0 0
files/p10/p10893902/s54173236/8a5f12a9-223bb9c6-bbd5b9fd-ca751b7a-ba6e910c.jpg 0 0 0
files/p10/p10924949/s53623762/d1552af1-5b159d3e-4058cc59-8af87caf-375f46e7.jpg 0 0 0
files/p10/p10924949/s58001725/f4ec1ae5-a9b3e696-9647c6e3-2518312e-e435cf0a.jpg 0 0 0
files/p11/p11001469/s54076811/d0d2bd0c-8bc50aa2-a9ab3ca1-cf9c9404-543a10b7.jpg 0 0 0
files/p11/p11068484/s50986892/5baac073-ce7e3f3a-9ba21c8f-9237a435-845c26f6.jpg 1 1 0
files/p11/p11068484/s52314386/9613d784-ef4fadd2-8b33b9c3-3db90fd4-6730c5d6.jpg 0 0 0
files/p11/p11068484/s55945977/c4752408-15e8abd3-707ec66e-a1449931-5430926e.jpg 1 0 0
files/p11/p11068484/s55984935/4cac02f5-71a07948-2e40edb0-d546dcad-b3683965.jpg 1 1 0
files/p11/p11068484/s56360523/fadc81b1-9ea238c0-58b6e7a8-915e4bbc-34aee7b4.jpg 1 0 0
files/p11/p11068484/s57395441/06e2fd1d-35c95f84-e6021f4a-4611a14e-a4b9a693.jpg 0 0 0
files/p11/p11068484/s59455276/804c7e55-eb848216-fc96a88b-0e374004-dacbc260.jpg 1 0 0
files/p11/p11068484/s59971654/b0f9a42a-784e16e8-201986c2-ae91c454-6f5cbbd6.jpg 0 1 0
files/p11/p11134683/s51942946/30e1c508-1a2ca634-02f30afb-06fc43a9-d7eac519.jpg 0 0 0
files/p11/p11135350/s52432586/e2cc529b-ba7a0982-effc5cf0-662077a9-c2ce376f.jpg 1 1 0
files/p11/p11135350/s53452058/317f2687-c3bf422b-70bb63ef-c094a677-6c81f799.jpg 1 1 0
files/p11/p11135350/s53772313/cd3281a8-6fdf014d-d38263aa-913e7ac6-50920fae.jpg 0 0 0
files/p11/p11135350/s54266284/2d945b0a-0962f1ea-b9f44bcd-83adc688-3a74a962.jpg 1 1 0
files/p11/p11135350/s56944245/578626a9-77b33b8d-b729cbff-72ed5102-152cf0e4.jpg 0 1 0
files/p11/p11135350/s57976096/e9151bd8-1aa6fa8b-d9bfa6c6-4035e4a5-e0e856bd.jpg 0 1 0
files/p11/p11135350/s57998601/7a9248b7-731f2e31-4c7a766b-902c1682-03ec67c8.jpg 1 1 0
files/p11/p11135350/s58052703/532c6ecd-2488a763-5bd16f91-8214f9de-8fb8c49d.jpg 0 0 0
files/p11/p11135350/s59746851/56291d00-a7244635-53aa8eb3-dce3a174-bc250ba0.jpg 0 1 0
files/p11/p11164575/s56430288/1d6f62f9-adc5107d-e66dba67-28c879ec-bcf9e17a.jpg 0 0 0
files/p11/p11177224/s54099371/f9624358-214a129c-dc05b026-e49885ed-66224bdb.jpg 1 0 0
files/p11/p11197890/s54514716/f2ed03fa-b7c00d7d-985f0cb3-dc9fb555-01c54c25.jpg 0 0 0
files/p11/p11216230/s57239326/cb6b6702-9109f7be-cb626f90-5de5b6ef-4f4c7ad9.jpg 0 0 0
files/p11/p11226572/s56558940/80ebdd2c-d387828d-89e90960-df690604-91bd8696.jpg 0 0 0
files/p11/p11287042/s54197597/b8084cc6-129daa21-5e7278cf-1038961e-a964e354.jpg 0 1 0
files/p11/p11307058/s51634516/cd8b3583-06cd4871-e09025fe-a2a60b90-348e7521.jpg 0 1 0
files/p11/p11309915/s51462743/ca55481f-3895ec03-76a040b8-d0fbd6ec-bcac13eb.jpg 0 0 0
files/p11/p11309915/s52073508/09e634af-25dfbe2b-e54ba5f1-0b74a44a-bd670415.jpg 0 1 0
files/p11/p11442039/s54889965/bde3538e-7dd799a6-2e524bd0-78754798-97ab1afa.jpg 0 0 0
files/p11/p11442039/s54889965/f086c561-9ee26e41-62786cc5-de4c7709-13df81fa.jpg 0 0 0
files/p11/p11520249/s58466105/b22978a8-b5b4125a-08c7a341-112606a4-cbd852a9.jpg 1 0 0
files/p11/p11614040/s52577959/3171e900-87eb21d0-8d960bcd-ae644198-073b1869.jpg 1 0 0
files/p11/p11614040/s52884720/77990ff0-f8347f9e-fa7dbb3d-d8c3086d-ef0f6f92.jpg 0 1 0
files/p11/p11614040/s54015727/45707eca-99bf58cc-cefc31b3-28749819-720469b4.jpg 1 1 0
files/p11/p11614040/s54015727/bdb97138-b120be67-8b9c2ad3-d5187876-17f2143d.jpg 1 1 0
files/p11/p11614040/s54620855/003fd23c-264ac00a-8e8225c5-d7f3543f-6ba3ef81.jpg 1 1 0
files/p11/p11614040/s56045322/050b0481-40bac9ae-ecbb8c83-6251c674-f8dc69a7.jpg 1 1 0
files/p11/p11614040/s56082008/7fccf9d1-bf743f6f-504039f0-d2709205-699a13cc.jpg 1 1 0
files/p11/p11614040/s56418467/c81743fc-40348d42-c468e36f-0c9077e0-46d24e73.jpg 0 0 0
files/p11/p11614040/s57272076/a85adbf5-301650f6-e0861ceb-de58948f-66d1a9a4.jpg 0 1 1
files/p11/p11614040/s59120011/d4591a06-8492548a-1b274424-ad732667-f57235a4.jpg 0 1 0
files/p11/p11619788/s50955531/7252d03a-a20f7bb6-f72983bd-0b4f5591-98efee5e.jpg 0 0 0
files/p11/p11619788/s55041813/63422ad6-e1977068-64602147-0409a128-76499d3c.jpg 0 0 0
files/p11/p11619788/s55041813/a305262a-fc35773c-be68cd0d-b834e2ec-80646749.jpg 0 0 0
files/p11/p11644926/s54913015/5b7be76e-a4c9feb1-8407dbe4-3d0e8436-c2b49b98.jpg 1 1 0
files/p11/p11662490/s51038639/5a32886d-a4653f96-53ae3fbd-4903075b-320b865d.jpg 0 0 0
files/p11/p11662490/s51400794/127c8f18-778f317b-10bde8a4-fb02eba9-e1fcd511.jpg 0 0 0
files/p11/p11717909/s50281684/dec3e055-ebb80e67-6fe65c6e-de8f0130-d39b8896.jpg 0 1 0
files/p11/p11717909/s50703663/5dfe015d-040fa10d-c7519ab8-abd04b07-2013debb.jpg 1 1 0
files/p11/p11717909/s51107651/2d2c3c7d-5f951cb0-24e5522b-c233da94-349dc006.jpg 0 0 0
files/p11/p11717909/s51110401/bc5a307e-a37c05c6-a1ef1917-721c48d7-ebdd2788.jpg 0 0 0
files/p11/p11717909/s51427132/b51fb695-3cf77ffd-0401b042-c7378e82-eca5ceed.jpg 0 0 0
files/p11/p11717909/s51664703/fe9eaa7f-1b6e6971-5aae1fe2-1a9a732e-9a4f58e7.jpg 0 1 0
files/p11/p11717909/s51977643/5cb341c8-aa49422d-40f3789c-39d15032-f20400d3.jpg 0 0 0
files/p11/p11717909/s52052474/fe2ff38c-680b5099-89541975-822dfa10-235feb53.jpg 0 0 0
files/p11/p11717909/s52127446/65ef31a2-e080f853-c5c75be5-2246e4e8-105fffb1.jpg 0 1 0
files/p11/p11717909/s52264867/6fa38a39-b7c9d558-58dec4b3-9b6ae59b-d80805e8.jpg 0 0 0
files/p11/p11717909/s52293076/09c44558-47920454-12da126b-06869468-7083d3b6.jpg 0 1 0
files/p11/p11717909/s52362021/f3d88efb-8d1f70db-a2131320-90053712-cfd9a1bd.jpg 0 1 0
files/p11/p11717909/s52435223/efb1eddb-0ef61d1a-e71c7c6a-9885a19f-d756d9ca.jpg 1 0 0
files/p11/p11717909/s52620864/e3afe9cf-4fbc9089-8943fa0a-08a4af09-069a5605.jpg 0 0 0
files/p11/p11717909/s52755842/17a73741-1a329d9a-09f6f1af-1e66a860-43d74397.jpg 0 0 0
files/p11/p11717909/s52869267/f0bdf88f-f956d3d7-2ba2ed1c-b1a7bcab-4a9cf8eb.jpg 0 1 0
files/p11/p11717909/s52970815/c1999cab-aab644aa-a8c530ff-347de8b1-4b8299ac.jpg 0 0 0
files/p11/p11717909/s52983911/9e212d56-0e1f18f3-63caba31-b94a0ec4-50aa339b.jpg 0 0 0
files/p11/p11717909/s53001361/e273ee90-02f2af87-c118ca0a-86222135-c38eb743.jpg 0 0 0
files/p11/p11717909/s53042347/0074eb26-c1938874-43e673d0-accb9fb7-e22c3757.jpg 0 1 0
files/p11/p11717909/s53042347/843962d4-17729cc1-22b9d9ad-fd3f97b8-e78f8b56.jpg 0 1 0
files/p11/p11717909/s53106161/c2bbad8a-13586101-c890f65a-eb483340-39f89263.jpg 0 1 0
files/p11/p11717909/s53534976/8e665747-30e84fad-114b57db-62a44a61-43ce1a8d.jpg 0 1 0
files/p11/p11717909/s53923822/d0ca3617-41955c1f-01c01461-5785bb86-ea5d99a9.jpg 0 1 0
files/p11/p11717909/s54060552/efa94d5d-74a20d4d-31e24085-919dcc5d-f9e926ad.jpg 0 1 0
files/p11/p11717909/s54130761/ca478dcf-175c3fb5-2c0d1d03-58bb12ac-8b86f479.jpg 0 0 0
files/p11/p11717909/s54173931/54df276e-3a7668b9-583c36a0-d858ee7e-e7d57d25.jpg 0 0 0
files/p11/p11717909/s54360882/68415db4-13599d5d-876aef44-c3907c31-1b429bba.jpg 0 1 0
files/p11/p11717909/s54369648/075c5fad-cfbf7397-05bfb8fc-55ed0999-6c4abf11.jpg 0 0 0
files/p11/p11717909/s54405868/b780e69e-01fe1577-1c8d166a-40f8c788-8f9f1115.jpg 0 1 0
files/p11/p11717909/s54458579/dd25eb4c-0385059d-450c8977-dd3049b5-5c1790be.jpg 0 0 0
files/p11/p11717909/s55096981/65c1567a-4a7ac3a5-cbd23877-d66c126e-7e188589.jpg 1 1 0
files/p11/p11717909/s55357075/755a89e3-07c0c918-4be04b78-27526552-f2505932.jpg 0 0 0
files/p11/p11717909/s55385319/b337b63e-7e254de9-316afa13-f7d944d1-b69cbe1d.jpg 0 0 0
files/p11/p11717909/s55763521/462d17f7-8f916f40-15f994b1-a745df9d-44cc9f48.jpg 0 0 0
files/p11/p11717909/s55835350/437a988e-3de10dcb-fe6e16b3-eb4765eb-b5d5ca1b.jpg 0 1 0
files/p11/p11717909/s55912381/e189e2b0-2d38dabb-5a0273ad-39465f07-37d9141e.jpg 0 1 0
files/p11/p11717909/s55912597/1f19bc2a-ca226782-41cd1a10-2c3c3346-a73ba6b7.jpg 0 0 0
files/p11/p11717909/s56207647/ea32b0da-db8371b9-e24620b3-33e572f6-51a33032.jpg 0 1 0
files/p11/p11717909/s56279353/072f7231-5cf47203-6fd7994e-ed9b5111-008da8c6.jpg 0 0 0
files/p11/p11717909/s56401108/2a8f24b1-1ece112d-0b423812-bc4b1305-91950820.jpg 0 1 0
files/p11/p11717909/s56417700/618de111-4fa4977a-9e4832be-bb8b5484-f682b893.jpg 0 0 0
files/p11/p11717909/s56417700/a3bc4d65-3db9755b-661a9b86-fdfdb4cf-a04f944e.jpg 0 0 0
files/p11/p11717909/s56447683/5c4c8b07-b9c2042c-256f2184-2dcf8b2d-86131204.jpg 0 0 0
files/p11/p11717909/s56453461/1259489f-8000cb0e-9f205915-088eab59-dd4b2b40.jpg 0 1 0
files/p11/p11717909/s56453461/388a4a27-03e4f888-3e5d47a5-2c869953-d020a180.jpg 0 1 0
files/p11/p11717909/s56453461/eb44dfa3-6e1ec3a7-87fcfad9-4b141aa7-889a0d2e.jpg 0 1 0
files/p11/p11717909/s56582554/0ab5e42c-b66dcafc-80e41036-0be28891-69da4244.jpg 0 0 0
files/p11/p11717909/s56647493/861996f7-f715090f-6fbfb34e-37a5f763-1e1ff6e7.jpg 1 1 0
files/p11/p11717909/s57022813/6d3458a1-7651b4c9-e3a4ca51-1483a45c-6a421d53.jpg 0 1 0
files/p11/p11717909/s57198522/2ee41fdf-c427ca61-d4dad2ce-68c8d635-55b20347.jpg 0 1 0
files/p11/p11717909/s57608934/a6d94c92-b9884e9a-493bceef-9f6c698a-83d8b674.jpg 1 0 0
files/p11/p11717909/s57608934/c3ddf503-e6b16525-fd7a9015-9a50abe2-bef2b09e.jpg 1 0 0
files/p11/p11717909/s57616637/b44fb02a-f784c183-f64902ef-a17d7453-69968006.jpg 0 0 0
files/p11/p11717909/s57650038/3d448c7c-b9ba0614-6607cf2a-472022b9-c8f49a4a.jpg 0 0 0
files/p11/p11717909/s57712518/2fb800a3-3eaf68d1-b83393d6-6c72f07a-fa520908.jpg 0 1 0
files/p11/p11717909/s57740453/87d740da-c8e188ac-af29818b-cadad040-6f3ef6ca.jpg 0 0 0
files/p11/p11717909/s57805143/25e2e3f7-350778cf-d7530deb-eb31e56c-8c2a8744.jpg 0 0 0
files/p11/p11717909/s57994301/6a0b14e0-582c0bb3-fe7625b9-7cd88c64-48f2a1db.jpg 0 0 0
files/p11/p11717909/s58465039/b4c53279-dc6e8b39-fbc566fd-d4cb1bf9-41b39939.jpg 0 0 0
files/p11/p11717909/s58480507/b57584cc-a29bd841-898af146-74374eab-42633a08.jpg 0 1 0
files/p11/p11717909/s58486262/1fb09915-c0059d07-e6cd2be9-857cd031-773f848a.jpg 0 1 0
files/p11/p11717909/s58663147/18696db7-7d416236-9375f9b1-cb09447c-cbfb9773.jpg 0 0 0
files/p11/p11717909/s59068375/083f7549-82faf4e6-b108e14f-e1d63399-5e5dc66d.jpg 0 0 0
files/p11/p11717909/s59105787/cd151804-3ba37dc7-1008641f-491929af-f37e6dc5.jpg 0 0 0
files/p11/p11717909/s59231099/7798f90f-d4185983-5f262189-fe7879ae-df20ce5d.jpg 0 1 0
files/p11/p11717909/s59507971/86cbbd27-298942a6-03e4baae-97bf2fa6-7959f957.jpg 0 0 0
files/p11/p11717909/s59507971/a92dc43d-69675ba1-b327698d-39a479af-fd78fba4.jpg 0 0 0
files/p11/p11717909/s59648901/9296d4e5-8c81e5dd-f08e6cfb-658feaeb-fe3cdfa5.jpg 0 1 0
files/p11/p11717909/s59756989/c6e3ce13-2009d15c-22403934-c8b0ed0a-84811273.jpg 0 0 0
files/p11/p11717909/s59956973/0df3e21f-5672d561-1479a9a6-bb24d13a-afd4f39e.jpg 0 1 0
files/p11/p11717909/s59962763/321f3032-be0e27a3-89aaf76d-79b01d0b-1c4d5b9b.jpg 1 0 0
files/p11/p11724488/s55651475/9f2d20e8-1c570228-e58b3e93-e6171fd9-2033b28a.jpg 1 0 0
files/p11/p11778596/s59075390/571f6fe7-8dfc0bb4-1a799b61-088a701a-55a35ec7.jpg 0 0 0
files/p11/p11805011/s59624830/c0f09085-246fdee9-571d4688-2450db13-fb67b641.jpg 0 0 0
files/p11/p11842519/s51581083/e9977922-0c45547e-2c72b894-91042335-31f132ea.jpg 0 1 0
files/p11/p11842519/s55196530/293c8608-3a0f3cbd-cea33c07-ea8130b0-2b90fea4.jpg 1 1 0
files/p11/p11842519/s56907723/a0cb7557-fa3d1d06-5f378c5a-b3cb4a26-f3af6c4f.jpg 1 1 0
files/p11/p11888614/s50160109/2b16b5f9-f1b0a358-5bd9e08e-e1f5a385-2a69e8dd.jpg 1 0 0
files/p11/p11888614/s50703372/65a8e3b5-8552ea89-9bc2e215-fd42bed9-e469687f.jpg 1 1 0
files/p11/p11888614/s51853599/d761d23a-c91f3562-afa919b9-4296a1ca-18a90632.jpg 1 1 0
files/p11/p11888614/s52382255/436a33ef-05436b90-941301ea-3e5c29aa-85fa6307.jpg 1 0 0
files/p11/p11888614/s53769263/c963fac4-7f414f76-1fe5eb83-2bd75a14-f2dcd77e.jpg 1 0 0
files/p11/p11888614/s54081752/394e4fc7-9c032c3f-1bf44214-594a112c-dbf00598.jpg 0 0 0
files/p11/p11888614/s55517450/ae6a9c3e-1994f6fc-566936f5-9b51a110-2fb8ea7e.jpg 1 0 0
files/p11/p11888614/s56043754/abca1a43-54c24a8a-52ed07b0-5cd250c5-afdc7061.jpg 0 0 0
files/p11/p11888614/s56703975/88e154a1-fd82784b-588fbc5a-0649ad57-b12ed9cb.jpg 0 0 0
files/p11/p11888614/s57247661/c7d68ac0-4b3a8241-8126525e-1868154e-bfe8aae3.jpg 1 0 0
files/p11/p11888614/s57386788/31716940-bbbe2182-3ed77c6c-2c4bb3d2-e2d71c0e.jpg 0 0 0
files/p11/p11888614/s58240183/380bd914-1c234083-a59c609d-7ebce49b-0a9b6101.jpg 0 0 0
files/p11/p11888614/s58813685/69eca2be-d1ce0c03-915414db-24d5cb14-1a5729b1.jpg 0 0 0
files/p11/p11888614/s59174426/b200342e-9a78a04c-db63c0f7-725a09b8-0a4f31d5.jpg 1 0 0
files/p11/p11921090/s51087989/26ee6ee4-e5bb799b-aa5f201b-b27779ab-636db2a4.jpg 1 0 0
files/p11/p11925631/s51690906/82c0e7ef-5760c746-e27a81ec-73b19b26-475e8d54.jpg 0 0 0
files/p11/p11932181/s51819903/01064b50-d0d421d9-6fad1834-798ed6d8-d2ef01ac.jpg 0 0 0
files/p11/p11932181/s54296756/4e25f2e7-4ab07975-e5a9f14c-acc20f75-9fa89750.jpg 0 0 0
files/p11/p11932181/s55109095/9f4f2d43-83091dbe-aa72f47e-5d7d06a0-6512aa11.jpg 0 1 1
files/p11/p11932181/s55349973/e5058ddc-12914e19-41492f3b-9016f745-4333ebfe.jpg 0 1 1
files/p11/p11932181/s55392606/d82e22a0-b3ce3eec-22bf56ae-9a1fca51-556da100.jpg 0 1 0
files/p11/p11932181/s55708104/7875fcba-da8aa12e-d091f393-527e729b-65c7d344.jpg 0 0 1
files/p11/p11932181/s55708104/8894a073-a8fc7130-d4c16a1a-200a8663-2f3577f8.jpg 0 0 1
files/p11/p11941487/s57818787/666f0409-83c99213-aec854ff-03da11ef-e191743c.jpg 0 0 0
files/p11/p11989878/s54526426/1a210276-bc14011e-b4575d45-690d73e9-5a5f4b36.jpg 0 1 0
files/p12/p12056668/s50120531/218d1c93-0e3c7a85-76dca3b3-1b9ebcc9-e2b4c42d.jpg 0 1 0
files/p12/p12056668/s50674125/e63e4411-eb57a2b9-50bb9ef0-8f980310-c7fd6f0f.jpg 0 1 0
files/p12/p12056668/s52167064/052e448b-2164ba7d-2a1a5625-94f5bdc2-34f732ab.jpg 0 1 0
files/p12/p12056668/s53195010/4861b3fb-a6f7f90a-54624d89-31cc606f-beab81a7.jpg 0 1 0
files/p12/p12056668/s54161539/23a5cd3b-6bb29875-b1984d7c-7987bdb4-cff71cef.jpg 0 1 0
files/p12/p12056668/s55757032/3c021d64-a606521a-b5070291-5ec59830-23aad4a7.jpg 0 1 0
files/p12/p12056668/s59247330/0bf4ce04-1a1975cb-30d2e4c3-72803b59-f383d941.jpg 0 1 1
files/p12/p12056668/s59786298/ae2e7d80-ff33449e-b88a8013-66cff528-5fc0d503.jpg 0 1 1
files/p12/p12056668/s59819600/3bf027ad-4ea50807-05aa327c-3b30394d-7aa6759b.jpg 1 1 0
files/p12/p12056668/s59819600/d57952c1-89986306-f483eb47-8dc115ff-36d4fb7b.jpg 1 1 0
files/p12/p12085050/s52313236/daa9c2a1-691a861b-e52b5481-7f9bdd7b-7620fca2.jpg 0 0 0
files/p12/p12186603/s54260087/b60f7b52-7c9856fa-65e8bf8a-92264fda-4be20437.jpg 0 0 0
files/p12/p12216053/s55600141/2183d638-8f431548-7221c970-340325e1-fae35262.jpg 0 0 0
files/p12/p12326452/s53211019/e4527afd-9522899b-f0226c68-901dccb8-e2d4eff4.jpg 1 0 0
files/p12/p12386201/s54768912/f8e30069-9a0af2ef-8f97a61a-6081a0f9-043dbf76.jpg 0 0 0
files/p12/p12503812/s52811570/2cd5b0dd-527a6616-cb6ad62f-c8ee94df-0b7ffd5b.jpg 0 0 0
files/p12/p12521573/s59397743/d24b5355-c7b4a8cb-680e6185-0280353a-18bff492.jpg 0 0 0
files/p12/p12536467/s52709218/78675c97-3d574a7a-21454f9d-2487195b-496a7b4b.jpg 0 0 0
files/p12/p12548159/s56957928/54dc0bb7-ef174450-8314a8e5-b94f3c64-748fd4a3.jpg 0 1 0
files/p12/p12548159/s57004106/0108e1ef-f190341b-932868ab-83d242f0-e56c7beb.jpg 0 0 0
files/p12/p12548159/s59548661/53e18b50-2214dd2c-d70345b2-935f26ab-f5128750.jpg 1 0 0
files/p12/p12548159/s59548661/b8a96dfd-924e5707-1009e1ac-9f767236-ff131cd4.jpg 1 0 0
files/p12/p12598684/s54952803/1312be28-d131f758-783e1a08-1e878cba-6236e5ff.jpg 0 0 0
files/p12/p12598684/s54952803/766b651a-bf318a3c-a6e00002-e595f99a-1a97ffae.jpg 0 0 0
files/p12/p12641488/s51982061/76c189dd-c9cae85a-af7009fe-25471b3e-172f291c.jpg 0 0 0
files/p12/p12659391/s56143095/3bd7086b-893fe462-f1699be8-dce553d3-1459991d.jpg 0 0 1
files/p12/p12669344/s51358230/7b4211fe-def2de24-c6991efa-026a3d44-2e4082f8.jpg 1 1 0
files/p12/p12669344/s53588397/d88bc850-2681d230-e2d3bc84-ba0996c2-078fe63b.jpg 1 1 0
files/p12/p12669344/s55077682/b606c5ab-1f7c5020-53941bec-8f32fed0-249da9f6.jpg 1 1 0
files/p12/p12669344/s55077682/c3dccd75-321d490b-d282ea11-4da8be1c-6f83adb4.jpg 1 1 0
files/p12/p12669344/s57264873/d54a965f-9fb1b27f-8a1b45a8-87d31707-45c1feb1.jpg 1 0 0
files/p12/p12669344/s58561179/efa1c4d4-c6b83e76-71107d37-015f4c79-24aa9e68.jpg 1 0 0
files/p12/p12669344/s58890484/8c740b46-36733ece-3c0cf641-1644df78-0219c847.jpg 1 1 0
files/p12/p12669344/s59437027/edd99c90-fa96205f-04b2900c-127c69bd-d632e5c5.jpg 0 0 0
files/p12/p12669344/s59881207/59b7e3c4-05bcf819-da6417fa-60f5b61a-38711e5c.jpg 1 0 0
files/p12/p12671922/s56711844/b7c818c2-bf5dde12-748d7913-48366cba-d787cb7b.jpg 0 1 0
files/p12/p12772476/s50730815/96ac5d23-fc7ee66f-45c92058-4edaeaf3-87204a92.jpg 0 1 0
files/p12/p12772476/s57466319/e22a2371-3096bd1f-9b775197-baaddad6-eea8f9d7.jpg 0 0 0
files/p12/p12772476/s58409499/9cda5d38-795b0046-56155ec6-1f51e537-3f6beee4.jpg 1 1 0
files/p12/p12906762/s51485705/3a6d5658-ef16be63-d3d6c7b6-9da40249-74eb97ed.jpg 0 0 1
files/p12/p12906762/s51923417/ec551da7-a02ee2e5-7d9d36c0-ec4ed8c9-d6dee4e5.jpg 0 0 0
files/p12/p12906762/s52126280/699a2526-5b07de66-ef9bc72a-8995b427-76074026.jpg 0 0 0
files/p12/p12906762/s53644354/358852a7-514ec358-bee83f0f-d752d0e4-5fff244d.jpg 0 0 0
files/p12/p12906762/s53644354/8ab6990c-a800bfc0-d5f5ae92-26f3a84f-cfb69e0a.jpg 0 0 0
files/p12/p12906762/s54899102/cbd96006-a4b14669-614de320-ba15c1d5-71250057.jpg 0 0 1
files/p12/p12906762/s55236071/5871f846-5b267431-2d13d3d5-0c59f8d1-7cebfb38.jpg 0 0 0
files/p12/p12906762/s55779897/c8d25759-11bea40b-02429e0d-4657a4d5-af5a6411.jpg 0 0 1
files/p12/p12906762/s57315471/4095996e-f8e2d9b1-6d25ee5b-ba56f785-8cc0eca0.jpg 0 0 0
files/p12/p12906762/s58695208/5ce424e3-7e50c3a2-f36da4c7-bc25a2d1-a37fca4f.jpg 0 0 0
files/p12/p12906762/s59091002/a50abdea-4d26d980-2f94499a-cfa66e08-00087752.jpg 0 0 0
files/p12/p12906762/s59338798/b6712b07-679e0714-dd203abe-15144208-07b33056.jpg 0 0 0
files/p13/p13055950/s51222490/f2948447-484794a5-6fb5339c-38ea0630-f00b4d11.jpg 0 0 0
files/p13/p13071559/s58452624/a4d9f542-e5d79dcd-595c393c-1abb2504-53b539fd.jpg 0 0 0
files/p13/p13171410/s50794886/ed41d65f-590e0bfb-eb73d35c-3096e02f-e29daec8.jpg 1 0 0
files/p13/p13171410/s51053791/08c57c30-cc28a132-c83ff0b6-eb8367f2-8c2eeb06.jpg 0 0 0
files/p13/p13171410/s51163175/abbc56f7-3569a197-33b68a76-2649b730-79cbcd28.jpg 0 0 1
files/p13/p13171410/s53888975/5f64b9e7-1cf1f315-28b9eab7-0b2da5bd-d5b1bd6d.jpg 1 1 0
files/p13/p13171410/s54238302/1a93c3ba-b683fe20-b0710462-cf40c34d-136cf408.jpg 0 1 0
files/p13/p13171410/s55806461/d4faa158-9dca8977-f02a356f-0897293a-813bc241.jpg 1 1 0
files/p13/p13171410/s55806461/d9db020c-127f5d05-0b15114d-f9441c91-1080c498.jpg 1 1 0
files/p13/p13171410/s59848394/01913fe9-f0448eac-8f439832-dc05486f-95545a64.jpg 0 1 1
files/p13/p13184933/s51891743/379b4718-fca565b4-9fc2566d-ecc473aa-00e09bdd.jpg 0 1 0
files/p13/p13184933/s51905928/651c4169-94a729d0-c106e57b-c9c4864f-da822a8c.jpg 0 1 0
files/p13/p13184933/s55419902/9771b7cd-8a87ee8d-bf9e4546-ec002991-5580c62b.jpg 0 1 0
files/p13/p13196707/s53814539/2d271bb0-b719bae0-a9361b1b-16706831-41fc9798.jpg 0 1 0
files/p13/p13196707/s54072113/bdd0f372-e708b3b0-e9328838-c9a7f29f-f68971d0.jpg 0 0 0
files/p13/p13196707/s55984720/ca7d8827-ea1c412d-b6a0a594-12d32534-52028738.jpg 0 1 0
files/p13/p13196707/s56377178/73c4f0b3-857d48d6-62f18f50-6000ea9c-43e2d25c.jpg 0 1 0
files/p13/p13196707/s56377178/be18562e-74237b2c-c9ebfcb8-ba1b5c02-7b949433.jpg 0 1 0
files/p13/p13196707/s56558687/75872755-7b9a13ad-1980114f-743ec5a7-064e7ac0.jpg 0 0 0
files/p13/p13196707/s59638386/ea657c75-4d5d227a-c3adf2dc-0bf06970-bfa15f60.jpg 0 1 0
files/p13/p13270675/s55403615/3779e414-76cf3539-5f0c3634-17dc774e-61e0cdb4.jpg 0 0 0
files/p13/p13270675/s55403615/ecb75c7e-8737e1e1-a77376ea-c4b1aea9-7021ccac.jpg 0 0 0
files/p13/p13299965/s50046465/edc6ce1c-fc4f414b-85d4b348-397ef133-0cd52d48.jpg 0 0 0
files/p13/p13299965/s51119268/a4e3640a-d1ed5982-b24f0c58-60e77e47-0256fe41.jpg 0 0 0
files/p13/p13299965/s52804736/bc3c796e-6d0d50cb-bbda3fad-e5317feb-9129e16e.jpg 0 0 0
files/p13/p13299965/s56837754/17d61d08-38d54e3f-a90d2a5a-cc0735ca-16f7c8a9.jpg 0 0 0
files/p13/p13306067/s51241123/253a953d-7bebbd7b-cd68e5bc-7c48ae74-fb8a2ccd.jpg 0 0 0
files/p13/p13306067/s53942433/3d973084-61d4b944-76a7f29f-472d0b0e-74563711.jpg 0 0 0
files/p13/p13306067/s57848022/0a13521e-6acfb42d-704d4596-c983baab-5227fbea.jpg 0 0 0
files/p13/p13306067/s58666333/1bd45b4c-a598d499-41f5440f-789618a0-298754d2.jpg 0 0 0
files/p13/p13312840/s54249174/b29bb966-45c209b8-1dee89af-5f791df9-481fe9f4.jpg 0 0 0
files/p13/p13312840/s54588794/8950f771-ba1f85b9-43178d85-6143c89f-ee7be17d.jpg 0 0 0
files/p13/p13313381/s51193877/e87f90e6-bce5fca4-f56f7269-9dda5b46-e2413c48.jpg 0 0 0
files/p13/p13313381/s54976328/edf0798f-b3a2fdbf-00c812b0-c8d3b152-10d90abf.jpg 0 0 0
files/p13/p13318908/s55751350/cf34b8b8-d4e13fb9-2d589730-6f402164-0ef8ffdd.jpg 0 0 0
files/p13/p13356814/s52553174/56c0b824-617a7edf-7ad7a6d7-c02e5088-5a22aaa6.jpg 0 1 0
files/p13/p13356814/s52595455/bf216517-21b42ccc-627f8812-5d889362-f5e78c59.jpg 0 1 0
files/p13/p13356814/s53743846/54ab854c-ec14b27b-d554c385-73da5922-3ea3d6ed.jpg 0 1 0
files/p13/p13356814/s58392527/643b5892-d5755e02-7054a915-f33776d7-b2859fa1.jpg 0 1 0
files/p13/p13376876/s51235024/53f3ebc2-eccf07d6-246e623d-a4b102ff-79e5b202.jpg 0 0 0
files/p13/p13409440/s53692338/7db6c381-43097f53-27747acf-fdd4adc3-1d479213.jpg 0 1 1
files/p13/p13421580/s50391444/e7d5b98a-6610a0fe-de38fcf4-1d68c85e-30f96ae0.jpg 1 1 0
files/p13/p13421580/s50553653/9440df05-7c68c259-e576f624-576a1add-8cd42eba.jpg 0 1 0
files/p13/p13421580/s50575681/4c20cd93-cbf30533-1459577c-278ce3b2-46750f47.jpg 0 1 0
files/p13/p13421580/s51749027/c6fe33ff-7cbd847a-01c9e864-447ae08c-a3e2ac73.jpg 1 1 0
files/p13/p13421580/s52546898/4912b8ce-70f296a3-b9137775-5da5c93b-74948b5e.jpg 0 1 0
files/p13/p13421580/s53340313/6e39a6e9-bab75ed2-f14cb4c3-af0877ed-05332d75.jpg 0 1 0
files/p13/p13421580/s53340313/be3cdb3c-7f8e24b7-df00a412-c41181eb-44d18ada.jpg 0 1 0
files/p13/p13421580/s53500287/743258cc-ba82e88d-ec2100af-3da6c655-7afe0682.jpg 1 1 0
files/p13/p13421580/s53672228/60999807-e9c65537-0be33d31-e1f2eb09-329bb2a8.jpg 0 0 0
files/p13/p13421580/s53870146/0b336535-040e4914-3827c41e-c9f96093-d6f5d54a.jpg 0 0 0
files/p13/p13421580/s55026521/976d5e24-dbf376ab-9966d398-5632fd4a-09cb1d19.jpg 0 0 0
files/p13/p13421580/s55493597/3e0c30fb-983b2a9f-80136b8d-f7949f7d-4ee24f04.jpg 0 1 0
files/p13/p13421580/s55692270/d7f886e4-10b9a3b0-c1cd0403-c6ec2f94-2dfc32db.jpg 1 1 0
files/p13/p13421580/s55749095/015c7f7f-9865648c-f1313dca-4b17c1d6-5ee51049.jpg 0 0 0
files/p13/p13421580/s55749095/44f7a9c6-8897d945-288cc6ae-4cd74b80-b4eede3f.jpg 0 0 0
files/p13/p13421580/s55749095/b5cd5972-6de1d0a8-65f54917-02fd239c-37171ea6.jpg 0 0 0
files/p13/p13421580/s56608606/840781fb-1fe8a6de-7bd6d463-9943d21f-7716fb40.jpg 0 1 0
files/p13/p13421580/s56979948/ca37ce49-8fdec0d6-4dc2466b-44543962-762cad72.jpg 0 1 0
files/p13/p13421580/s57044212/05c6f437-00c5dd3e-2c78d21e-40683522-8e9ff770.jpg 0 1 0
files/p13/p13421580/s58355979/dacef393-c3ecc055-b15828f6-6e51ba4e-724b20a7.jpg 0 1 0
files/p13/p13421580/s58836158/edddb068-c24f12b6-084654d9-533d402a-a74f074a.jpg 0 1 0
files/p13/p13421580/s59027014/93f6b333-7c04f0e9-de3de1e5-ccd8adbd-0b89681a.jpg 1 1 0
files/p13/p13421580/s59027014/da4a05e0-883101fe-b029b869-6baa6722-62c01efd.jpg 1 1 0
files/p13/p13421580/s59377628/b9d3c16c-c812c4bf-c62245c0-d8eabccb-5df44b6e.jpg 1 1 0
files/p13/p13421580/s59568253/40f27d37-e6a130c7-a8f437de-a7caafc0-1f106075.jpg 1 0 0
files/p13/p13421580/s59694374/8ed65ad6-239bbf7b-5e6858f2-f00269d0-41305065.jpg 1 1 0
files/p13/p13453133/s51829071/b01ddc40-b80fa234-3533e014-3b0fdf7b-e8c67c6c.jpg 0 0 1
files/p13/p13453133/s54560211/06360ca2-31e36539-fbdf3e11-15fbfaf9-925f3477.jpg 0 0 0
files/p13/p13453133/s54560211/d79ce993-34d446c9-a42868d4-53ecd790-f07cb168.jpg 0 0 0
files/p13/p13453133/s59808069/1096d9fd-e71aefb9-50874d07-29cb8e86-2da35512.jpg 0 0 1
files/p13/p13558665/s58636898/664198f0-e4b3fbb9-c7a6f117-980a1fc1-f6fa9a2f.jpg 0 0 0
files/p13/p13558665/s59315283/7b232609-e63c02a4-28b79e05-fb02ed28-1facf2f2.jpg 0 0 0
files/p13/p13565877/s55639373/6f550224-a23be693-b5f671c6-843ca075-5b25df1f.jpg 0 0 0
files/p13/p13565877/s55895988/0eca4744-28e28df7-0a6c3a98-dee33b2a-4041ba77.jpg 0 0 0
files/p13/p13571108/s50393864/34c60d57-a91b9812-32e246f3-6efe8843-a09ffa27.jpg 0 1 0
files/p13/p13571108/s50393864/7ece76d5-4de53231-dc9bc951-c27b8a9c-00694cc8.jpg 0 1 0
files/p13/p13571108/s52526223/80e656ba-2e0b73a5-6252aa35-12c0df92-f0d566b9.jpg 0 1 -1
files/p13/p13571108/s54496880/f418559d-05aff24a-246e401f-9575cf4e-de484f2a.jpg 0 0 0
files/p13/p13571108/s56217740/65cbc543-f6cef27d-ecffe71b-7a1cab1e-28e47ee2.jpg 0 1 0
files/p13/p13571108/s58074550/29db2a67-c5b93d1b-9c1638a1-673fda55-77f3d8ba.jpg 0 0 0
files/p13/p13571108/s58633058/e6cd2500-1899413e-d3de528f-a4281a95-460339bf.jpg 0 0 0
files/p13/p13571108/s58633058/ffd81c9c-a7f1e1b9-eb6fb574-0066af97-9d20f9a9.jpg 0 0 0
files/p13/p13653377/s55712456/730ac1ff-f9317f93-3bb0bb75-18942eab-a90c43a3.jpg 0 0 0
files/p13/p13722528/s50871707/f74bcb32-9100c0a3-afef824e-a1485ea6-f990aa2a.jpg 0 0 0
files/p13/p13731472/s51901233/7fb879bd-f49e00bd-91609953-bf71e17f-5a419295.jpg 0 0 0
files/p13/p13731472/s59665820/7a12e8a5-770ebdb4-2304e41d-535a3f1c-7409884f.jpg 1 0 0
files/p13/p13736401/s50023807/ae55293e-607959ee-bf6ea683-731aaf2c-7974ce2c.jpg 0 0 0
files/p13/p13736401/s57362963/7077f691-0bb23d05-5205c77a-f3361d79-90cccad8.jpg 0 0 0
files/p13/p13736401/s57950218/12b37691-c36ee41a-5e187544-72273a32-86c10904.jpg 1 0 0
files/p13/p13740705/s51992242/38c6b526-4a53ddea-3c236e8b-2761544c-90f1c42b.jpg 0 0 0
files/p13/p13740705/s55924803/b88c89c2-6422d672-c5ec4f6a-afb43481-31f62b0d.jpg 0 0 0
files/p13/p13866250/s53527138/b8d4de5a-4676a6b1-01f6df7f-f0b072c6-e951dffc.jpg 0 0 0
files/p13/p13866250/s56260436/78ed0647-df6522bd-879ef182-28259d9d-79106b33.jpg 0 1 0
files/p13/p13894716/s50227217/7ab5ab83-8d6ebc13-5e5217da-8063ac02-612d1066.jpg 1 1 0
files/p13/p13894716/s50404152/02264527-37380ab8-55ceb644-ab1a2902-d51da861.jpg 0 1 0
files/p13/p13894716/s50404152/b992d83f-9b14d160-93965b3d-de9488c3-3ec16f91.jpg 0 1 0
files/p13/p13894716/s50640883/42dc981d-4c3414ee-55574b45-e63422d8-81395b98.jpg 1 0 0
files/p13/p13894716/s50640883/b9c5fa7a-09bd7ea7-3a8d70e1-294c2963-340a8244.jpg 1 0 0
files/p13/p13894716/s50659512/f41dc470-8bfd45a8-dd5a735a-b5eeb061-901d46fa.jpg 1 1 0
files/p13/p13894716/s50814385/20fd8602-76e94ccd-74b97075-b4acc96c-22816e41.jpg 0 1 0
files/p13/p13894716/s50825078/0fd8eb66-17575650-50cd8c8c-11dcb1fe-a35ee055.jpg 0 0 0
files/p13/p13894716/s51062436/5ba240af-dffc7803-22ba7344-9658b496-9e0ce127.jpg 1 1 0
files/p13/p13894716/s51334425/7a799fc7-10d013f4-f1c40969-4ce6ed6f-8f528025.jpg 0 1 0
files/p13/p13894716/s51334425/d6aabaed-583edc36-625b39fd-3dc3bdeb-4e46bb0b.jpg 0 1 0
files/p13/p13894716/s51424614/32e45338-60decf52-cb6bda59-49f2a5c0-a17ad0bf.jpg 1 1 0
files/p13/p13894716/s51424614/f7bf88df-2734c8dd-dbe15ebe-58fa37e4-329b9d59.jpg 1 1 0
files/p13/p13894716/s51850136/01f26c74-75cf3e70-49244b91-f5e77ed8-b3935393.jpg 1 1 0
files/p13/p13894716/s51850136/3cdf934e-b0ece0aa-1c13aaf6-b9518f53-7e7eae10.jpg 1 1 0
files/p13/p13894716/s52221435/0d5c7134-11a89847-9dde852c-ebe57412-85ba6640.jpg 1 1 0
files/p13/p13894716/s52221435/12e268f0-0d236069-78811721-d730d468-45aa2598.jpg 1 1 0
files/p13/p13894716/s52221435/5745d50f-5a13ef8b-80e11e39-07d87a78-f996a6a2.jpg 1 1 0
files/p13/p13894716/s52221435/ee9ef4b3-71184595-eb3b6ec8-8f9f5577-3ab80ed8.jpg 1 1 0
files/p13/p13894716/s52444140/dfe7902d-7f50fd3a-34f95cfb-3aeeea63-20d6aa4f.jpg 0 0 0
files/p13/p13894716/s52923479/3b44553e-f53c6853-5c8a9814-44129c1e-32509200.jpg 1 1 0
files/p13/p13894716/s52923479/e301cf49-ca4e1f54-2aab6551-5bed4849-1cbf5bcf.jpg 1 1 0
files/p13/p13894716/s53010838/36a124b2-816b2e86-561993f7-86f49d6f-f93c3ab0.jpg 1 1 0
files/p13/p13894716/s53010838/eca90488-10582fe3-bd30e11d-cca0f4a3-4a7f7367.jpg 1 1 0
files/p13/p13894716/s53160255/1530fc93-5d8daf6b-2fe3d095-226a1abf-d1ee0557.jpg 0 0 0
files/p13/p13894716/s53254456/b0cbece6-2b0b1434-9aa88346-46174a88-4cabb89d.jpg 1 1 0
files/p13/p13894716/s54308320/55c75c58-72cc96b7-ada6940e-272e5b55-0d27a523.jpg 0 1 0
files/p13/p13894716/s54308320/6ebbc752-645a64ed-ac355db9-ccca6ae4-31fbb894.jpg 0 1 0
files/p13/p13894716/s54449297/31dac8b8-5dfaf3ad-e6f8e77c-78ea6c22-9e1fbc68.jpg 0 0 0
files/p13/p13894716/s54449297/74538a31-cb733388-656f4f32-d5c5a571-959cc764.jpg 0 0 0
files/p13/p13894716/s54690760/1ffa663e-bd3e31c1-6b2eb6cb-a71e7f12-eaa912c9.jpg 0 0 0
files/p13/p13894716/s54690760/56e374d4-2db2d4a0-e8a846f1-22369f74-8bbc35d2.jpg 0 0 0
files/p13/p13894716/s54846212/0cdea8fc-615e607d-965775bb-024cda95-dc791cfc.jpg 1 1 0
files/p13/p13894716/s54846212/9ee1b31b-af06a46c-f0f85a64-b6a302ac-8ab78cee.jpg 1 1 0
files/p13/p13894716/s55036314/8eaf1417-a9b5b2b6-bc20c468-6a3f754e-64bd8801.jpg 0 0 0
files/p13/p13894716/s55582331/6e3d5d17-01a98d21-6930c329-f9cada6a-03046aa1.jpg 1 1 0
files/p13/p13894716/s55582331/79bd40db-bf313204-172fcd09-3f35be56-19b3b10a.jpg 1 1 0
files/p13/p13894716/s55925366/a5ae71de-54cbb819-a5beec7b-4134871f-563b0982.jpg 1 1 0
files/p13/p13894716/s55925366/e54e4954-7a3cabf7-4122dcc6-470a5b97-0f7d4bf7.jpg 1 1 0
files/p13/p13894716/s55979282/6eb47aae-b9418849-f08de5c5-25a7216a-1f11ca7e.jpg 0 0 0
files/p13/p13894716/s56233977/54f1e7cd-7a59a911-1d9db135-654666c9-a0da86f2.jpg 1 1 0
files/p13/p13894716/s56233977/fb4ed69d-b5eb654c-a8d5d6ad-9555058c-7ad04a6a.jpg 1 1 0
files/p13/p13894716/s56403155/4f51aedc-e5b947bb-0240fc59-b91b17f7-ebca4c1e.jpg 0 1 0
files/p13/p13894716/s56403155/81a75b46-6c709fe1-e7e1b309-b733dccf-293aa917.jpg 0 1 0
files/p13/p13894716/s56403155/c7290c26-db21417d-e5ce2c87-a4171ace-026fbeaa.jpg 0 1 0
files/p13/p13894716/s56672330/bb28bb48-5d205700-25fa4499-8d515e45-5cc3286f.jpg 0 1 0
files/p13/p13894716/s56724473/8da62af3-aa521341-ea84f338-67ebb517-faa5dfa4.jpg 0 0 0
files/p13/p13894716/s56724473/aad2398a-abbf972f-aafba03e-75a3e3e3-fb2659e5.jpg 0 0 0
files/p13/p13894716/s57803270/71ce8c54-2501a856-f9c44787-8585fef6-a6c8ccc6.jpg 1 1 0
files/p13/p13894716/s58193110/ab58d599-83105f84-08a8af4e-48cf3fcf-53f6e5d0.jpg 0 1 0
files/p13/p13894716/s58676331/89860a70-14de9cf1-c87805dc-7e50a158-86913513.jpg 0 0 0
files/p13/p13894716/s58676331/e2cf84dd-8e0f61bb-4068b19d-3dd7f5f6-454cab9e.jpg 0 0 0
files/p13/p13894716/s58909423/55dd98d9-43e485f7-ff9024c4-93e7442a-1aaafbc3.jpg 0 0 0
files/p13/p13894716/s58909423/cc37ee77-09d0c8aa-9c6a813c-7d3bf233-057edd33.jpg 0 0 0
files/p13/p13894716/s58956444/f7e47f32-f963529d-65fa70ee-6d4d2e38-71b68d76.jpg 0 1 0
files/p13/p13894716/s59179922/62bb6fb0-c42c5225-7a24e047-cfe72663-6f50a6f8.jpg 0 1 0
files/p13/p13894716/s59573688/2e0908b4-279ed4d6-7a472d0b-724df717-f35e3948.jpg 0 0 0
files/p13/p13947388/s59142924/d0c7e877-8a4b5e21-55d622dd-a6bc538a-9b8b682b.jpg 0 0 0
files/p13/p13970691/s50207397/05a331ae-17b42621-787f72cc-ebadd560-6d2586c0.jpg 0 0 0
files/p14/p14235364/s54495813/4a28d5a8-85822fbf-29c6a717-9ca89cfa-9a17ae5b.jpg 0 0 0
files/p14/p14255450/s52612877/e99fb49b-a1e84657-f75c3b6a-fdb7838a-8c2bfb2b.jpg 0 0 0
files/p14/p14255450/s52612877/fbed2763-32e1610b-cb445bc1-49e2d2d9-404f7105.jpg 0 0 0
files/p14/p14255450/s59539063/71c5fd1a-6b349ef4-fa30d201-f780545a-a9a5340d.jpg 0 0 0
files/p14/p14290919/s54450581/e5b700c3-c3a48c0c-b4bc2257-c1d5699b-795692cf.jpg 0 0 0
files/p14/p14293935/s50482534/1e8bd436-88bbe20f-d1f35238-90fccec2-66ed9ed3.jpg 0 0 0
files/p14/p14293935/s50482534/8a70f2c2-1dc50436-4b6a86ff-ad04bb95-174cc88b.jpg 0 0 0
files/p14/p14319319/s52648594/5a8e85f1-3465c903-60688e99-7f50f8b3-a8794171.jpg 0 0 0
files/p14/p14319319/s55726489/d9d2b934-5af3b11a-2d1bba0d-44da5876-2f409264.jpg 0 0 0
files/p14/p14319319/s57957540/88827f17-dd2ff5dd-db0d2d89-136a30d8-ca92f929.jpg 0 0 0
files/p14/p14385080/s57601753/db537b22-dc6a616a-9ffefaf4-ff2d4311-dd035ac7.jpg 0 0 0
files/p14/p14392929/s52896510/ab2aaf36-39384bfa-427a821e-2f840195-c542824b.jpg 0 0 0
files/p14/p14429763/s51748293/361c4750-2c4908c8-6102209f-69a347d0-887ee04b.jpg 0 0 0
files/p14/p14429763/s51748293/aee9dc7d-9e6d2430-2f04c053-254149b6-e4925a31.jpg 0 0 0
files/p14/p14482820/s51222003/10848775-a37a1df3-15920443-b4c024fb-f364928e.jpg 0 0 0
files/p14/p14482820/s53870816/bbe7847a-18f0d974-62009a61-82ad2ee0-91ca809e.jpg 0 0 0
files/p14/p14482820/s55715115/d71ef3af-b2cb314a-8a4c01c9-4b18f430-14207ae6.jpg 0 0 0
files/p14/p14482820/s56645801/ec1d6381-e9419e88-73976f03-de6d851b-3691ae4f.jpg 0 0 0
files/p14/p14482820/s56986284/6df752dd-d96e8fa1-d902d33c-4797e505-97594e40.jpg 0 0 0
files/p14/p14482820/s58257481/35f30547-a26ab9ec-f5962b41-1e1d9b3a-2a9b5f50.jpg 0 0 0
files/p14/p14482820/s58766220/0d46b39d-93186b93-afd0e40f-7e41e72b-54caf402.jpg 0 1 0
files/p14/p14482820/s59257496/0d67ef39-edbb640d-072f3da3-4325786c-b61cc9ba.jpg 0 1 0
files/p14/p14482820/s59257496/b6bf7b6f-86a45cf5-a4fe0214-329758df-c141acdf.jpg 0 1 0
files/p14/p14482820/s59283708/efa280b4-ab9921dd-e10b0695-dea0c2f9-925ee947.jpg 0 0 0
files/p14/p14544801/s55084779/d1311bd6-e306d59e-a79f3f57-df18a30e-bf78423b.jpg 0 0 0
files/p14/p14544801/s55332401/b3d3f351-2f2c324c-963ca19b-fb5f5df2-0d7e9a31.jpg 0 1 0
files/p14/p14544801/s58556039/d60e5ebe-9d77544b-9235b2f7-13e5bf44-06974f41.jpg 0 0 0
files/p14/p14583397/s50892292/d099acf0-536d3ccf-55bae878-94ed75d5-e0df8d76.jpg 0 0 0
files/p14/p14583397/s51893215/d3a1d9e4-94eb4b4c-537cbd71-da0ad8c6-d974a241.jpg 0 0 0
files/p14/p14583397/s56437925/7fdf802e-9067de1e-6698cf2a-402439f4-e909e8f3.jpg 0 0 0
files/p14/p14583397/s57524173/c0b0c295-64487928-71fd50de-3c50dbdd-08360437.jpg 0 0 0
files/p14/p14798972/s51882341/da9bcd9f-310e0f89-ef56f5ed-330d4f9e-c7c83601.jpg 0 0 0
files/p14/p14798972/s53079362/0159eb74-f5b69f73-6e0faa67-ccf3e55c-474da4bb.jpg 0 1 0
files/p14/p14798972/s53647601/b5379d3a-84715e82-c0b8a323-4bae9a9b-15125251.jpg 0 0 1
files/p14/p14798972/s53647601/c1baddfe-c5fb89e0-f89fcd8e-46d628ca-81ab567f.jpg 0 0 1
files/p14/p14798972/s55149101/92939d3d-d0e1a594-0a87af91-b703fa06-a20a1b46.jpg 0 0 0
files/p14/p14798972/s59874624/f10984d9-b7e843e6-ebb071e2-68fe6b30-930a5e31.jpg 0 0 0
files/p14/p14962059/s57011081/7e009c56-a431fd3d-61f9ac9c-c67bebaa-04316f10.jpg 0 0 0
files/p14/p14962059/s57011081/97bfaad2-fb4b2ffe-ad057631-11574fbb-c19ec356.jpg 0 0 0
files/p14/p14998466/s59315725/93caa05e-f8a3f919-ee78818f-04d801af-3c445791.jpg 0 0 0
files/p15/p15004141/s55606773/dfd9a06c-2994892e-f4a6bc1c-f6ec4803-283e5005.jpg 1 1 0
files/p15/p15167936/s57549616/6f1d8e56-81ec34dd-4f80edfc-98c577db-9db1f26e.jpg 0 0 0
files/p15/p15176968/s59475713/b4e881ec-b2dbe4eb-824d9649-07862804-17af7264.jpg 1 0 0
files/p15/p15176968/s59642952/5bf38a0d-d30e0de1-37c34461-92633fb0-d208538e.jpg 1 0 0
files/p15/p15176968/s59647298/fa879b10-e59b6500-0f17b51e-22c2d961-29242fa0.jpg 1 0 0
files/p15/p15361393/s50457124/8ac669b7-9257e87a-4a9a70ee-6cbc9515-eacfcabb.jpg 0 1 0
files/p15/p15452636/s52187725/ccd3c424-dd412a6c-654dc449-bc1aa2c0-43dd4d8c.jpg 0 0 0
files/p15/p15480043/s50719061/ae0d26cc-42f554c9-d591c1f3-0d0de89a-895ffeef.jpg 0 0 0
files/p15/p15480043/s58155175/23268708-bb681a69-9d7f6685-bf0877d4-0ea495b0.jpg 0 0 0
files/p15/p15568945/s59554791/5e754211-f7ae671d-f26bc9e0-5fabd237-73978d1c.jpg 0 0 0
files/p15/p15620736/s51354049/05ae2a75-03fa91ad-ba0cb001-198c6cdb-b5cc4267.jpg 0 0 0
files/p15/p15655633/s50971251/bb01346b-489ad7a1-de494939-c17e4691-af4f04af.jpg 1 0 0
files/p15/p15655633/s57179351/b3c095eb-d16fb25c-87e49ad2-ddbe4e2e-2e2e1f55.jpg 1 0 0
files/p15/p15693523/s54302400/32b62c2a-3374dbc2-f1fe4be4-9119f9a8-af2df168.jpg 0 0 0
files/p15/p15718331/s53534550/59c6d360-9e96b2ab-750786c3-b6bfac43-ba99775a.jpg 0 0 0
files/p15/p15780880/s51766103/5d8300fe-3a3aaed5-ec3f9f49-769dcb99-a7ffa174.jpg 0 1 0
files/p15/p15780880/s57081361/c46e168d-041b2bfd-39d02b61-186fb589-eb881241.jpg 0 0 0
files/p15/p15780880/s59962770/672580ec-ddc9d368-c981b016-a6a8881c-b23e56c3.jpg 1 0 0
files/p15/p15787214/s51063221/6831e70e-667ba211-59160e9a-cb703a95-c16adfc1.jpg 0 0 0
files/p15/p15787214/s55726526/ba26edda-e207b86b-665afaa9-47ddab28-78dd3c6e.jpg 0 0 0
files/p15/p15787214/s56563719/9234b389-6451e413-d153fc6d-87004f87-bbfa50c1.jpg 1 0 0
files/p15/p15793456/s50776361/319af308-51ad7fad-89c3611c-c92198db-c17ace3a.jpg 1 0 1
files/p15/p15793456/s50776361/8a8be78a-d43d9b42-88872556-82809128-fd11d507.jpg 1 0 1
files/p15/p15793456/s51587887/c7318b14-8802035b-2b793a84-2206a58b-ff64d1a6.jpg 0 0 1
files/p15/p15793456/s51861010/85fdecbd-e6066ee2-2b534974-6cf4108f-ea355efd.jpg 0 0 0
files/p15/p15793456/s53169528/ddb6d871-83f1673f-96525527-40edfaa8-32689e38.jpg 0 0 1
files/p15/p15793456/s54257177/4d72f890-5a8da612-a2cde4cf-35c04b76-3f62548f.jpg 0 0 0
files/p15/p15793456/s54257177/d3b11384-e58823ae-545b2484-70475db9-e638bd89.jpg 0 0 0
files/p15/p15793456/s54908622/7e937bf5-c1220033-6a807ba6-449a1342-c75570f2.jpg 0 0 0
files/p15/p15793456/s55164257/d10e0fbd-0e8714e0-da3f58e7-a4f2c13e-a6635080.jpg 0 0 0
files/p15/p15793456/s58666598/e42b4605-f902c4ae-7379b10b-bb8897a0-0a74f22a.jpg 0 0 0
files/p15/p15793456/s59873577/2ff56cb4-34295633-6d7f37de-def5c897-97e56f55.jpg 0 0 0
files/p15/p15793456/s59873577/b1c89b98-a8652b78-b91909d9-858c38d3-cf9a6962.jpg 0 0 0
files/p15/p15902493/s50591741/41cd0cf2-1993dfdd-7f6bf2e5-a1f49826-59bd4a84.jpg 0 0 0
files/p15/p15902493/s52253665/dd5485e4-d3c509f7-b7f8ea8c-70c26a6b-efe68e57.jpg 0 0 0
files/p15/p15902493/s52295399/4805924d-20aa3bfa-d7e7ed46-b01fadbe-743dd101.jpg 1 0 0
files/p15/p15902493/s52681987/2174bfb6-9645eac0-eb4a2c83-0e62dc14-94b436ab.jpg 0 1 0
files/p15/p15902493/s52684400/75590e00-ed59b5d5-547eea97-30378a27-3389c2d4.jpg 0 0 0
files/p15/p15902493/s53302727/6acb1d9f-c6550f88-03c6298f-563395d2-fbb64a14.jpg 0 1 0
files/p15/p15902493/s53501812/6b0e4cdc-b802b8a7-386a0412-cb6b2489-8015a3e9.jpg 0 1 0
files/p15/p15902493/s54664886/f67ab78a-c83676b8-efebc7a0-7b79e9df-d200dca1.jpg 0 0 0
files/p15/p15902493/s56080109/808f11c6-3458709b-ffe153fb-fe069bb3-717cba85.jpg 0 0 0
files/p15/p15902493/s56835560/84e51680-738978f2-ce0ca7b3-037c1468-d96d0c03.jpg 0 1 0
files/p15/p15902493/s57081697/f6ec06b9-ba98953f-8182f840-4698435b-61296fb9.jpg 0 0 0
files/p15/p15902493/s58199247/d25c2722-019731e2-c9ae4392-b74b52cb-7459ec6d.jpg 0 0 0
files/p15/p15902493/s58443677/3c875623-94264ee2-c1bfb66e-6a05bc14-ceb81702.jpg 1 1 0
files/p15/p15902493/s58443677/4aeba39a-be4ef35d-83b25701-9af40c72-5130f3eb.jpg 1 1 0
files/p15/p15902493/s58517313/5514784e-680e830d-5dd03b8a-fff3c159-26e51f27.jpg 0 0 0
files/p15/p15911529/s50817664/18d4660e-6dd2d7c3-fe755086-42caa066-4c278a62.jpg 0 1 0
files/p15/p15911529/s51122529/0deb7ec1-84b1f3d7-f5ac9938-3054c9dd-3caf0634.jpg 0 1 0
files/p15/p15911529/s51209889/d06dafbf-e8490fee-797a1c31-810d944e-b0943aea.jpg 0 0 0
files/p15/p15911529/s51322181/93a34018-658089f0-17050a39-8b8e1b48-554f4cb7.jpg 0 1 0
files/p15/p15911529/s51358209/df8d7e2f-54c17397-730c6a12-e6f95950-a64b3f5d.jpg 0 1 0
files/p15/p15911529/s51385148/d3649518-b1379ecd-2740eee0-1ed2da79-392e0086.jpg 0 1 0
files/p15/p15911529/s51562372/afedd930-9d244c0b-0a2edbe6-2ceb376a-23bc266b.jpg 1 1 0
files/p15/p15911529/s52561076/ccdac225-47c7b48e-79a78b1c-a6ac307c-ae6bea97.jpg 0 0 0
files/p15/p15911529/s52646931/6e3a9cd5-91eb5828-ac10bc10-24dfa7c0-0e536576.jpg 0 1 0
files/p15/p15911529/s53060481/070db2df-2c7004d2-26b8d90f-9fd165dc-7eefd70c.jpg 0 1 0
files/p15/p15911529/s53784524/7ada4149-42025581-bd61e461-9719e7ba-1954ef82.jpg 0 1 0
files/p15/p15911529/s54190932/09f9cee5-f285e400-c4fe605a-dde10cac-e5d3eb0e.jpg 0 1 0
files/p15/p15911529/s54252168/5817a4b8-c4f832fb-7a33cc26-b05e9ff5-80a03cbc.jpg 0 1 1
files/p15/p15911529/s54368456/51314394-a4c9c16e-9c4046f5-27fb7589-de68759f.jpg 0 1 0
files/p15/p15911529/s55017393/4f1666fe-eb70e076-c045bd55-4a13ebea-89f70922.jpg 0 0 0
files/p15/p15911529/s55211188/3f54680b-15217393-27fff50f-aeb78433-c51498b7.jpg 0 1 0
files/p15/p15911529/s55387962/c8a6f765-ffcff546-a4d433d1-fe00ebbf-978fb111.jpg 1 1 0
files/p15/p15911529/s55431093/5f752c85-93a983b0-ac44e646-e4f71e52-f7d6b934.jpg 0 1 0
files/p15/p15911529/s56521428/6ba26b3a-5314e906-7366a48a-0598d3bd-73c3ca0f.jpg 0 1 0
files/p15/p15911529/s57922122/69bc2b07-10cc7789-3cc5f3af-4c3c6ba3-992abb1d.jpg 1 0 0
files/p15/p15911529/s58322412/10127a8b-7bfe476a-de96870b-d51d4890-34ca977b.jpg 0 1 1
files/p15/p15911529/s58350152/0042757a-03a7b183-0e56404f-f82c7d1d-cf93667a.jpg 0 1 0
files/p15/p15911529/s59373190/ff1a21e7-453d4f60-95aaa2f2-76bcd93e-8debb861.jpg 0 1 0
files/p15/p15911529/s59474704/0184704e-f5d6feff-cbe7f37e-d6c77a0f-db1e7472.jpg 0 1 0
files/p15/p15911529/s59868000/6f7c8371-2e3b25ff-83624c4e-2be20956-b6845eca.jpg 0 1 1
files/p15/p15936884/s53561431/e3d64e22-fb22f834-a727b3ff-c6c4c66f-5a5d4b5c.jpg 0 0 0
files/p15/p15936884/s55390875/fab89071-f6543b70-eaff3eb7-558c223b-f40a6d6f.jpg 1 1 0
files/p15/p15936884/s55850018/ccb976bd-fe7110eb-f5b9e68c-74886c88-c2d95f6c.jpg 1 1 0
files/p15/p15936884/s57105691/7e069d55-1e0ebee8-f2c1d7d5-371f7b08-28536c80.jpg 0 0 0
files/p15/p15936884/s59347638/5b038a10-d2936918-06b01d36-d6b919fc-be5e03b4.jpg 1 0 0
files/p16/p16033763/s50369062/0b9a1d90-0d4e09e2-e651a638-81738947-249b3e35.jpg 0 0 0
files/p16/p16033763/s50853877/3568ad06-c4d7640e-57033b28-70d178fd-c2dd3c78.jpg 0 0 0
files/p16/p16033763/s51278946/883a73c4-7165e6cd-0d076fa5-7e573f4c-ab9a9523.jpg 0 1 0
files/p16/p16033763/s51366910/17c3e7ba-8733dd0f-504a89f9-be30113e-57719df4.jpg 0 1 0
files/p16/p16033763/s51507991/ed31f48a-f429773b-c9704fad-15c7dc2f-1ad59b8f.jpg 0 1 0
files/p16/p16033763/s51599066/4969ed80-b6f01bb1-09bc5a19-c44bb4c5-70597525.jpg 0 0 0
files/p16/p16033763/s53153262/574a4800-1bd863fc-41b229b6-7e737994-5232ce8a.jpg 0 1 0
files/p16/p16033763/s53415248/a1c0d864-60999f47-337df4cc-6a4a20eb-c78f73b8.jpg 0 1 0
files/p16/p16033763/s53452442/12592f0d-a371e425-2f68a639-fe69e7f1-e085f4c4.jpg 0 1 0
files/p16/p16033763/s53862445/54face80-dbd536b0-31d3f440-b14db55c-813d0992.jpg 0 1 0
files/p16/p16033763/s53862445/952e589e-552ab80c-774c8550-52668ef2-3f65359a.jpg 0 1 0
files/p16/p16033763/s54161955/d330d6ff-0193072b-e04fbffe-53b12b62-596738d1.jpg 0 1 0
files/p16/p16033763/s55725686/377df2cf-286c0596-c5183178-7edd53f5-50475885.jpg 0 1 0
files/p16/p16033763/s56375613/12ee46bd-a7dda698-35218f7a-f344d145-a2f0617f.jpg 0 1 -1
files/p16/p16033763/s56607012/25142c57-f3723dbf-b7bd3225-66ec6472-ddc1c56c.jpg 0 1 0
files/p16/p16033763/s56831830/4aec4b05-d210e192-896bee34-0cbe5e5a-634a75d2.jpg 0 0 0
files/p16/p16034181/s50146664/052836b8-b02d3f46-3faf7e36-07ce1ba1-1052a8a6.jpg 1 1 0
files/p16/p16034181/s56393323/6bcf583e-601a494a-f8d72edd-76f3c0b7-1d606076.jpg 0 0 0
files/p16/p16034181/s56393323/739fbdc0-688ff77c-e70070b7-1e88db74-4482ae5c.jpg 0 0 0
files/p16/p16139394/s54215495/aeeedb41-57ddfc8b-adfe8c04-c411349c-697bf972.jpg 0 0 0
files/p16/p16306599/s50173042/b3e3432f-8de35a57-84779127-6d36d4db-a8e9317f.jpg 0 0 0
files/p16/p16307530/s57547177/1e7c453c-c31a14f7-14ffd1e5-de7ac337-07746c5f.jpg 0 0 0
files/p16/p16319384/s55608147/192b6e3d-ec405303-9b315b5d-1dd90a9c-e6310078.jpg 0 0 0
files/p16/p16319384/s58022694/17cf7f7c-b27bc3f4-e902bbcb-b4c608b1-5984f415.jpg 1 1 0
files/p16/p16319384/s58808936/8f1b6c21-dc13ba3f-d1f686ad-50b5cebd-3c6fb05a.jpg 0 0 0
files/p16/p16319384/s59631748/c06025b9-935d32ff-0efabf34-2f711ce7-e4fc7000.jpg 0 0 0
files/p16/p16319384/s59964362/8e6a0848-5eb51eaf-ff31f21a-a030a9fb-daef4652.jpg 0 0 0
files/p16/p16346354/s52144904/e0ffdf00-50f31921-d4eb21c6-2f9c26c8-fa5a40e8.jpg 0 0 0
files/p16/p16389477/s55304215/83695c6b-ee90db45-0662a38e-4f2ccb17-6bd5ab83.jpg 0 0 0
files/p16/p16389477/s55304215/cc802574-9ed7ecb7-b29eaa57-59092e24-9e774cdf.jpg 0 0 0
files/p16/p16413061/s53036112/e139be8f-a49d5442-2bd59848-b929b102-ab36ea25.jpg 0 0 0
files/p16/p16413061/s55655748/15c5f82d-2fbbb3f2-cf605195-ed4839ee-e71fe465.jpg 0 0 0
files/p16/p16522757/s51770964/6a67666e-673793de-b5a60dd5-e0289088-1d99231b.jpg 0 1 0
files/p16/p16522757/s51890400/abf84816-90b90529-a631cf93-9569c001-33ec9eaa.jpg 0 1 1
files/p16/p16522757/s53588718/17d945bb-f9fd399c-2d63d4dd-ac6d7f53-b2d6ffbe.jpg 0 0 0
files/p16/p16522757/s53588718/2bd5ea71-b28fd182-1af6ec2a-b56ec699-3601e432.jpg 0 0 0
files/p16/p16522757/s54238427/a4060ee2-06d52bb2-d1195cc1-7e491888-4882ae4c.jpg 0 0 0
files/p16/p16522757/s55401499/29625da6-c727bed4-1a61b739-f2bbdb7f-131be12b.jpg 0 0 1
files/p16/p16522757/s56128182/5a29f63b-9703b6a4-015091e1-fd2d093a-b82e7a9e.jpg 0 1 0
files/p16/p16522757/s57104616/df3e801b-e7a2a583-48a4268c-95ae757e-fc8c1172.jpg 0 0 0
files/p16/p16522757/s57337921/a9a45704-613f2878-ab492afe-55b839b6-19a841f7.jpg 0 0 1
files/p16/p16522757/s58445510/8b10b3e9-60270740-11e12630-f77c8705-1d018ae7.jpg 0 1 0
files/p16/p16545105/s50250269/8f5526e1-a1f8e71c-8a2d9cf4-ff6d1c1e-ed8b45d6.jpg 0 0 0
files/p16/p16545105/s50250269/991542cf-d2c81e61-45b8469d-562fc60e-ae64175f.jpg 0 0 0
files/p16/p16617702/s51255886/6361c6cb-2f5fe468-7fd88316-80a44c79-fbe11c02.jpg 0 1 1
files/p16/p16617702/s51858819/7524da00-43628bf8-818b42cf-2083bd53-a0229b69.jpg 0 1 0
files/p16/p16617702/s54056728/b75e4086-9352431d-f07e12b0-a8669ac7-28a1f693.jpg 0 1 0
files/p16/p16617702/s58239562/b15eb932-15df0889-519b3c56-5b813026-c65395a3.jpg 0 0 0
files/p16/p16617702/s59630478/c883a555-56436deb-19627be5-6be529df-c6009b0c.jpg 1 1 0
files/p16/p16652812/s51113785/1adb0f14-f7049b06-787006f9-0cffb6fd-5a8ffe0f.jpg 0 0 0
files/p16/p16675957/s50956639/17bf6f39-2c117801-91df99f4-7ae12f61-6b286b7a.jpg 0 0 0
files/p16/p16675957/s50956639/9cfdd15d-ffe4a5f7-674b505e-3146e5fb-a115a271.jpg 0 0 0
files/p16/p16702545/s53411092/25eef2b8-203a6f5d-ed3bca06-5b1e873c-0cbbbc20.jpg 0 0 0
files/p16/p16702545/s53411092/c1e4e895-66af7b86-0fc1918b-2dc76aaf-49aee7c5.jpg 0 0 0
files/p16/p16702545/s54372785/fda8d8a6-20e3b495-7f496ea3-e6ecb7c6-864a11c4.jpg 0 0 0
files/p16/p16702545/s55127217/3c248c40-b23d88c7-d1751a15-df7e684c-37b6616f.jpg 0 0 0
files/p16/p16702545/s56172736/dfd26dfe-44a8e6b1-7ab24593-1166b595-2313276c.jpg 1 0 0
files/p16/p16768418/s50484024/695acea4-7d4be71d-9243cd6c-c90f68cc-cf5d3a75.jpg 0 0 0
files/p16/p16768418/s57445969/60e93ec9-ca47899d-97a8514e-cc353e2b-a0e7bdd7.jpg 0 0 0
files/p16/p16821122/s55807597/d8eac14d-acfeb227-de6bf397-eb450434-5c9a3a42.jpg 0 0 0
files/p16/p16851119/s51129693/92f6680e-05166498-698d6769-130f7edf-4bbc67d4.jpg 0 0 0
files/p17/p17002995/s54961891/2467e1fa-601fff83-f7ee16a8-fa135c0c-e9d15320.jpg 0 0 0
files/p17/p17002995/s58538849/df414677-421c5571-a5711a01-a5a598b8-a8a439dd.jpg 0 0 0
files/p17/p17055995/s50152901/55a0e030-4bb997bd-b5d19ede-c9996085-f874501a.jpg 0 0 0
files/p17/p17055995/s51310684/1fbaa97f-bf02c806-cdfb8891-8e156d0d-35b03261.jpg 0 0 0
files/p17/p17055995/s51310684/c13310e4-4d76ea1b-5387cec3-e71bbf20-d4e77909.jpg 0 0 0
files/p17/p17055995/s52698656/63a73093-e2949a4b-c2a38b30-87805d05-9375c863.jpg 1 0 0
files/p17/p17055995/s54026889/639a09fa-d71c9ec9-825e615e-eabc6326-ddd33f2e.jpg 0 0 0
files/p17/p17055995/s54149564/c6ba4cd5-16b6db55-ebf864d7-0988ad61-6d88b72a.jpg 0 0 0
files/p17/p17055995/s54934752/d3b0b262-df43c83c-79c07524-fa37aa2e-c76d7762.jpg 0 0 0
files/p17/p17055995/s55045318/04ac83c1-740154cd-378f0bed-f4615e94-8e883aaa.jpg 0 0 0
files/p17/p17055995/s55954897/40b1972f-2f6feba2-c5ac00f1-9149a247-96ff94e9.jpg 0 0 0
files/p17/p17055995/s56285032/665d7742-d067640a-b25afbd2-fcb01db1-b6d6e7c9.jpg 0 0 0
files/p17/p17055995/s56479192/4cbadab1-19a3f1d7-924d71a9-80bd338b-860e33bc.jpg 0 0 0
files/p17/p17055995/s56991914/18b5326b-5b4f4980-614310d4-32ef9bce-f33707f6.jpg 0 0 1
files/p17/p17055995/s57644406/514cd541-74dff7cf-998b6616-ddcd3d4b-d3096e80.jpg 0 0 0
files/p17/p17055995/s57722086/63f3fead-8f7067d8-b703f056-7e6d61c7-4ccfad95.jpg 0 0 0
files/p17/p17055995/s57916180/9af43e05-bffaf881-a1c5987f-1e921b28-07fdccc9.jpg 0 1 0
files/p17/p17055995/s57953511/3e243490-c68adc7d-d56b5b8c-9435acf8-7d6b5338.jpg 0 0 0
files/p17/p17055995/s58952124/5b884d40-dbd3f418-77c8b6b7-eecb5a18-035015c0.jpg 0 0 0
files/p17/p17055995/s58971922/78c48cee-1c2a502c-9a948c79-770c6b18-1c0335bf.jpg 0 0 0
files/p17/p17055995/s59405581/66b3064a-b52efc14-63d86d5a-2ca784fb-c9d916a7.jpg 0 0 0
files/p17/p17079101/s52544664/1ad714a9-437bbce6-a694ad02-05512130-333e99af.jpg 1 0 0
files/p17/p17079101/s55257270/83cada44-22eeaa71-e5622be6-dd3eb0ad-9b1ccc68.jpg 0 0 0
files/p17/p17093296/s55434052/fb12f610-81c4f11d-89fa082e-653ba4ff-ae31e112.jpg 0 0 0
files/p17/p17096560/s54159511/1d8b6f1b-f2623043-0b88aff3-36ffde7e-aba0484f.jpg 0 1 0
files/p17/p17096560/s57222183/b3cc74ec-d3bd5172-abf56e57-6a47cce6-7e7a9b99.jpg 0 1 0
files/p17/p17123098/s54687111/14bbb4e5-1b3f6563-a2dd6104-100f4a33-0719fe11.jpg 0 1 0
files/p17/p17123238/s59109176/498d4233-b79acb1f-5f5d9e8b-d128016a-377264e0.jpg 0 0 0
files/p17/p17123238/s59109176/bb9f6308-e8b75c46-eb75bea5-d3da1b42-7b1ddf12.jpg 0 0 0
files/p17/p17223574/s50124571/526a62c7-2062d35d-cde3cc73-7934b77c-256c9a3c.jpg 1 1 0
files/p17/p17223574/s51511763/3e1d14ba-fe736cda-ebd2ef10-3dbcdb89-da6f2980.jpg 0 0 0
files/p17/p17223574/s52530059/4036f736-4f89546f-95a68b44-55bb97d3-fa07a45b.jpg 1 0 0
files/p17/p17223574/s52530059/80394587-5cae6c52-0e47c884-fc81d7a5-aa49039a.jpg 1 0 0
files/p17/p17223574/s53272126/8af200b2-6d16d8b6-7cf5ca1c-30dfcdce-74779c42.jpg 1 1 0
files/p17/p17223574/s53660624/3999a847-88ce9e99-f417c320-d26274e2-e47cd770.jpg 0 0 0
files/p17/p17223574/s56094876/1ae239ae-c49b335a-2053350f-d1cc2db8-ae676e6d.jpg 1 0 0
files/p17/p17223574/s56094876/64b12f28-e1b71b36-adbe4920-76807755-1fa29f3b.jpg 1 0 0
files/p17/p17223574/s57523955/7875b25f-a66526e3-18d0bf41-b6c02def-fecc262f.jpg 1 1 0
files/p17/p17223574/s57575964/23da6a40-206b0fe5-4430f35c-da1bde03-162f435d.jpg 1 1 0
files/p17/p17223574/s57575964/ce3497c0-922d4dd2-08069cc3-2a7c30c2-b8169070.jpg 1 1 0
files/p17/p17257394/s50572758/d6f297e0-277785b9-0dade959-c098d1a4-1d5c202a.jpg 0 0 0
files/p17/p17302021/s54886667/a7b2360a-51a1d662-06afece8-5d11b64b-088479bb.jpg 0 0 0
files/p17/p17387103/s52711234/44cacbf6-9d96a84b-4fe9670d-106a3b5d-ac3ae803.jpg 1 0 0
files/p17/p17407585/s52233812/2c2db1f5-bd6c1fed-5bf8b486-1595b5aa-131e48e8.jpg 0 0 0
files/p17/p17408386/s58616139/5414ab29-3dace40f-aa5394d0-7ae927a5-8feb219e.jpg 0 0 0
files/p17/p17437534/s50987704/560a1b2f-765df9cb-b8def580-05ad8ebd-d6edc6b3.jpg 0 0 1
files/p17/p17483408/s52798138/aaff472f-e41c0470-87efd349-ba763de2-55568bd8.jpg 0 0 0
files/p17/p17483408/s53694670/7ab4bbe7-3b408b7e-6b04c772-f84f0465-402304a0.jpg 0 1 0
files/p17/p17483408/s57650946/5998dcca-a12ec446-fdfa60b9-3a06b23e-b2d12bf6.jpg 0 0 0
files/p17/p17483408/s57650946/fe0ef5cf-90e3c227-e3b3602a-280add66-27988ed3.jpg 0 0 0
files/p17/p17551032/s58987039/73e0e7b4-4ffbe566-feb48f1c-6201bc17-363b1bbf.jpg 0 0 0
files/p17/p17559288/s50750948/55d65e1e-1812835f-30e06612-c15a1621-fddc8581.jpg 0 0 1
files/p17/p17559288/s51039446/03f20727-d42b6bb8-d53cb13f-c3eb462e-fb257484.jpg 0 1 0
files/p17/p17559288/s51757784/f3f33b0e-fe7c9ba5-dad10964-bc8ce4a1-b74ebb51.jpg 0 0 0
files/p17/p17559288/s51790690/f30ac310-feddb6e1-a0bf1a2c-4311961b-74a32eed.jpg 0 0 1
files/p17/p17559288/s51910000/888f3658-e541329c-5c12b9b9-10185f6d-11f0cd6c.jpg 0 0 0
files/p17/p17559288/s52177147/2365d0ef-d1cafbfe-24afa38d-5390baed-46e9e9ef.jpg 0 0 0
files/p17/p17559288/s52687222/56381c64-278c220e-719702c4-6e5d4bf7-193da1ab.jpg 1 0 0
files/p17/p17559288/s54071279/0cae2952-def96aa7-1e84fd97-cf21d3d3-341189c9.jpg 0 0 0
files/p17/p17559288/s54614197/7e6df081-ae0880f5-c5c3aba7-77eaa2c1-d46f09a8.jpg 0 0 0
files/p17/p17559288/s55226234/1b456b8e-4bd0f874-af8673f3-bc3c4d68-1820cf35.jpg 0 0 0
files/p17/p17559288/s55553088/5157469a-594f980c-2c516e5d-6ff794c7-969d1854.jpg 1 1 0
files/p17/p17559288/s55553088/5180cc08-8134a7bf-2748567b-1fcd9fcf-836c902c.jpg 1 1 0
files/p17/p17559288/s56246644/23f1864b-dcf3fec5-0cf991ab-bbc31dd0-ba40ddfc.jpg 0 0 1
files/p17/p17559288/s56246644/cb254c2a-704a6902-121ca734-a8fdc3e1-b5111cb3.jpg 0 0 1
files/p17/p17559288/s56488515/a3b20c27-ba0b465e-3eab2b86-991f3d46-80a07aee.jpg 0 0 0
files/p17/p17559288/s56995004/a8d102b8-6cc0e5e7-21fc3831-79e95011-003fc4f9.jpg 0 0 0
files/p17/p17559288/s57820639/464448a4-f1229c37-3a509617-2edb4a04-cef4335c.jpg 0 0 0
files/p17/p17559288/s58408693/8cca0878-51f27942-9aec337b-398ae7fd-2014bdcb.jpg 0 0 0
files/p17/p17559288/s59397370/293051c7-fe34be87-e9c6cd58-0e979833-3f579639.jpg 0 0 1
files/p17/p17559288/s59460245/8bae8ab0-e159b156-5842575c-b4b8c1ae-e9c64339.jpg 1 0 0
files/p17/p17561996/s53913349/24849e83-f5ccffbb-364e8c3a-9c1bcd91-dd0d628f.jpg 0 0 0
files/p17/p17617589/s53371757/d3e8fc04-74fae9fb-787da683-4705e3a6-8e7dd7a6.jpg 1 0 0
files/p17/p17622916/s54905271/9ab97962-156e4dae-c1188f7d-7dae9ea4-c5a69d40.jpg 0 1 0
files/p17/p17622916/s55309653/2e1cd5e0-fd2c7f50-176e7b18-1f7ac651-bcf8152a.jpg 0 1 0
files/p17/p17657668/s56393977/313ea739-0a9a0ae2-1c998dba-cdecfea2-567819cd.jpg 0 0 0
files/p17/p17660889/s50363438/bb6dd3b1-bf62aa24-b39fba26-f00d7c46-fe9658a3.jpg 1 1 0
files/p17/p17660889/s51233577/dfef7b7e-62b05c07-d04db5b0-e12181ec-ab79f1d0.jpg 1 0 0
files/p17/p17660889/s51258980/5602b830-58232330-2bb725b9-3a407c98-3ace2a37.jpg 1 0 0
files/p17/p17660889/s52206316/c5e117fa-2d2eb000-fb83fe99-ba779346-4bafd663.jpg 1 0 0
files/p17/p17660889/s52835139/082b7c54-b543f7eb-6131a843-2ad68a17-26f98ca2.jpg 1 0 0
files/p17/p17660889/s54985815/2bba3f51-24971b01-0e8a666e-dedf8909-61742c95.jpg 1 0 0
files/p17/p17660889/s55083011/84f56140-5f674b67-4431f058-4752511b-24be0d89.jpg 1 0 0
files/p17/p17660889/s55570682/e9993aa3-51eb4a8b-349f7984-ef76541a-4aab169c.jpg 1 0 0
files/p17/p17660889/s55570682/f2cdfb35-5e55a845-072cade1-37104e77-15844094.jpg 1 0 0
files/p17/p17660889/s56605758/a680d992-08c800c8-27ab9581-4d70707a-cb5d31db.jpg 1 0 0
files/p17/p17660889/s57078296/ec28f7bb-28ea31db-2380e13d-96518c46-1c3b59d4.jpg 1 1 0
files/p17/p17660889/s58199826/13875055-a92c44c3-772d6e38-332cff16-3ed6380f.jpg 1 0 0
files/p17/p17660889/s58789604/904cd93c-1da40b8a-14194a57-7ba145c9-66af87e3.jpg 1 0 0
files/p17/p17660889/s58965143/425c4fa7-0d48e151-0758d818-9e8b1ea9-e9074977.jpg 0 0 0
files/p17/p17660889/s59218047/2a88d2ea-b4df4439-14b9c286-c0e29650-2acedd69.jpg 1 0 0
files/p17/p17660889/s59585133/015ea7fc-c85de02a-66fb71f2-6ba30068-7bc3cd06.jpg 1 1 0
files/p17/p17660889/s59588714/442f2cb0-2fcd458a-939733cf-ba72f0cc-0fed5672.jpg 1 0 0
files/p17/p17660889/s59755997/7c25c976-41dc34c9-ccd3aa02-da854aa5-27de7109.jpg 1 0 0
files/p17/p17680905/s57350348/aec99028-85963e75-247669dd-f5c64825-6802b7c4.jpg 0 0 1
files/p17/p17680905/s59156144/231fd0bd-bf21c178-9c9bbc5a-d859a30c-7086f6a6.jpg 0 0 0
files/p17/p17680905/s59578157/5706865f-64746402-2e5c6bfb-943aa9c1-3e276a08.jpg 0 0 0
files/p17/p17691303/s57672159/cfa78cb8-df874080-6760f3a6-8aac74fb-ca97b6d9.jpg 0 0 0
files/p17/p17933711/s53605255/262aec66-02c3d815-9e02b897-1f697799-42735ce8.jpg 0 0 0
files/p17/p17933711/s58596812/6c9b8bc4-94ef9ac4-cd7187f1-d90c32b0-75b2e5a5.jpg 0 0 0
files/p17/p17945610/s50752160/abc19309-ae3abcce-b79cc9e9-7b84b6a2-e61602d6.jpg 0 0 0
files/p17/p17945610/s51154172/53aeee8a-c2f7a428-34ede058-f7d0aa79-183fc763.jpg 1 1 0
files/p17/p17945610/s51234546/4f0b2afa-30cb00e2-18711010-d4bc3f13-84cc4f7a.jpg 0 1 0
files/p17/p17945610/s51621842/3845e98f-500b7d8f-b2376aa8-3355c4fa-074d73d0.jpg 1 1 0
files/p17/p17945610/s51939978/a9415ba1-3d12f1ec-964b6738-a9e76fa5-30aca88b.jpg 1 1 0
files/p17/p17945610/s52122560/889de77f-1402d0bf-fd2d2420-a6980f4b-09ae6ed7.jpg 1 0 0
files/p17/p17945610/s53456512/ba6dbc8f-1a49e9ff-024c2020-64ad895a-bca8cb55.jpg 1 1 0
files/p17/p17945610/s54832536/35b9c6fa-00c88823-d2b016e7-860235a2-35e10b1b.jpg 0 0 0
files/p17/p17945610/s55278676/03c75931-b2196163-ee0a3e6e-0decfe16-830818ae.jpg 0 1 0
files/p17/p17945610/s56803911/7faad21d-d5e10065-97ed8c34-1de6fab7-d7a77f09.jpg 0 0 0
files/p17/p17945610/s58920910/ccdf59cc-7eee47c2-02d0bc2e-3a7bcf33-0a35c23e.jpg 0 1 0
files/p17/p17945610/s59139883/d1049806-4b17d015-4e13b1d0-05247bd2-7b72efcb.jpg 0 1 1
files/p17/p17971994/s51622821/1df7311e-0604deb0-5cf21129-d9d6af6a-dac5004d.jpg 0 0 1
files/p17/p17971994/s51622821/6660e8d2-6381a94a-843d96da-11713488-59a660eb.jpg 0 0 1
files/p18/p18007398/s50340409/3eeeb2ac-9bca9174-549fbb9e-0dad8292-81377269.jpg 0 1 0
files/p18/p18043502/s54358320/c3429ad6-8e5e462a-4c90cdef-f2d92103-a0820652.jpg 0 1 0
files/p18/p18057037/s51935226/57ae3cb1-97ee6261-ad57fd24-2fdfb967-9f57b03e.jpg 0 1 0
files/p18/p18057037/s51940572/7aba81f6-645a2f48-7aa04bfb-489d2880-2f72270c.jpg 1 1 0
files/p18/p18057037/s52244987/57949fd6-88aba5c8-27f26572-80587301-346f13c9.jpg 1 1 0
files/p18/p18057037/s53273352/d37198a2-d588ccee-08feb12c-5d4942b3-98453d12.jpg 0 1 0
files/p18/p18057037/s53912941/e7159328-08569709-798aa964-ee7f2027-c51daa27.jpg 0 1 0
files/p18/p18057037/s54064052/af3f9a0c-07676bf2-1d617e8f-3296d7ff-7c04924a.jpg 1 0 0
files/p18/p18057037/s54565799/d41856c5-443e32f5-5cb1c4d7-e56e908c-563ca827.jpg 0 1 0
files/p18/p18057037/s55093079/3e62f3d0-8224f098-53a93d9b-0a0996b5-dd85c901.jpg 0 1 0
files/p18/p18057037/s55093079/dee24a5d-8e44ec45-f88ab6f6-4846c054-3da6b73d.jpg 0 1 0
files/p18/p18057037/s55180678/e90a2054-7960de3e-ea00d408-b6a8048d-5361011d.jpg 1 1 0
files/p18/p18057037/s57649308/3455b174-7955b50f-69214401-26f4d34d-3672b50a.jpg 0 0 0
files/p18/p18057037/s57929210/ab01ebc0-71496a3e-2e7445dd-732ceb26-0b6aff7c.jpg 1 1 0
files/p18/p18057037/s58078706/031e1a10-9b03a629-29234928-e2dbc65d-7ac75537.jpg 1 0 0
files/p18/p18057037/s58184634/ce3cc6c1-e86d6dfd-5844331c-1767c5e5-329f8741.jpg 0 1 0
files/p18/p18057037/s58548470/a185bea9-f95f19a1-32f0ea92-8d192ae9-1f3a5a07.jpg 0 1 0
files/p18/p18057037/s58608862/11362097-a0bac3fa-316e02be-b753a0b5-16e69386.jpg 1 0 0
files/p18/p18057037/s59332345/a250f743-48863d40-60cab50b-3c50f654-52796233.jpg 1 0 0
files/p18/p18113771/s54922575/c7e010a6-159db893-31dac930-c5bc900b-9feb9c89.jpg 0 0 0
files/p18/p18137951/s53975230/17f90d58-ab2032f6-2a154aae-fe200888-93cc7dcb.jpg 0 0 0
files/p18/p18137951/s58460896/1a102f04-c4935ccf-9ee44ac4-ab62d6f6-49575979.jpg 0 0 0
files/p18/p18162895/s57889329/32f085e4-a986fed6-56bf1ebe-f3cd4874-fd51818f.jpg 0 0 0
files/p18/p18166102/s57599964/54a0a07c-a256fe2b-d0e96074-68ce7def-af588be7.jpg 1 0 0
files/p18/p18166102/s58826153/396e5b3c-00057105-b7061e7b-156f2268-0e379e3b.jpg 1 0 0
files/p18/p18232123/s55748803/707a7540-cb3bf051-5a339e77-d0bf7c09-1031feb5.jpg 0 0 0
files/p18/p18260067/s57032495/254eb3cc-aa57e502-283895be-388e5661-ad37acfe.jpg 0 0 1
files/p18/p18373333/s52931972/f476d858-db17c76e-3282dfa8-d9202f8a-764adcbd.jpg 0 0 0
files/p18/p18373333/s56279753/2c4551ac-f33843fc-07abff12-2c11868b-b5674eea.jpg 1 0 0
files/p18/p18383430/s51327502/11ba7b99-79869f9b-4e54a718-f74bd86f-50205054.jpg 0 0 0
files/p18/p18429449/s50698281/5dd8247e-7b3b9aae-2d55445e-f24c799b-0e14112f.jpg 0 0 0
files/p18/p18429449/s50698281/7142481e-5cdb79dd-d3fb4159-d280d895-b663f1ab.jpg 0 0 0
files/p18/p18437840/s56589490/255028bc-0d427abe-7648f577-5c5161c9-7bd1a3e9.jpg 1 1 0
files/p18/p18457691/s57704953/f6c5958a-7b37c4fa-304dac93-268f2d4f-0dacd28a.jpg 1 1 0
files/p18/p18536624/s54882674/f3de0579-711a8c1f-7d79200b-cadc13ed-61edf359.jpg 1 1 0
files/p18/p18536624/s55739485/74cb0482-4e08c24c-84bc00b1-327a2c16-342697fb.jpg 0 0 1
files/p18/p18536624/s58825648/48069ad7-2198507a-3a1a76f6-2f451959-3323f7de.jpg 0 0 1
files/p18/p18536624/s58872394/1d01bd22-422dfa0a-8b8364e0-68924d73-beb6f4dc.jpg 0 0 0
files/p18/p18536624/s58872394/d54665db-507b626e-61a70dc4-41fd219f-cb59c1f4.jpg 0 0 0
files/p18/p18548611/s54082213/5e4621d6-249803ba-afaa008b-2751e009-8daaa308.jpg 0 0 0
files/p18/p18573829/s52255209/51cd61fb-702bc603-25a5fc14-7ed07e7e-4628c152.jpg 0 1 0
files/p18/p18573829/s54154294/a6a98f2d-89802254-926441f1-5a5948d5-7c207a91.jpg 1 0 0
files/p18/p18573829/s56404519/a063e32e-12a44bd1-9ba6e452-1adda21f-511a1751.jpg 0 1 0
files/p18/p18573829/s56404519/f1148b37-70b8bdb2-2bf622b4-d2c92d4d-23d892a6.jpg 0 1 0
files/p18/p18573829/s57045282/dc77150b-061bf4d5-09e23a26-52d9ada0-45856897.jpg 0 0 0
files/p18/p18573829/s58940888/7bb64264-3a27db3b-774da98c-671a380d-9805e329.jpg 1 1 0
files/p18/p18573829/s59567651/20c64870-d997ca68-0c568c8b-eaa9f10c-809cbc76.jpg 0 0 0
files/p18/p18573829/s59567651/c1f674d5-7e36152f-fbd6eadc-a4030a72-2000a929.jpg 0 0 0
files/p18/p18573829/s59688115/135f0d17-a5c68038-e9f9097a-b89be36b-245e82fe.jpg 0 0 0
files/p18/p18580594/s51202750/d9dbe791-88e5c7a0-dc34613c-5913966a-50de825a.jpg 0 0 0
files/p18/p18580594/s52783924/79d26270-6ac0b789-8f537c71-f31636b6-652a10b8.jpg 0 0 0
files/p18/p18580594/s58794154/c2bd3ed1-3fb9aa51-ff427719-79f840dd-3d5cefd4.jpg 0 1 0
files/p18/p18627107/s56692775/9a063e8a-bd122987-f2d98d01-b6af36e3-6ddb5311.jpg 0 0 0
files/p18/p18648021/s57833703/93318c78-1b671842-1af554f7-52f54a25-91a64acf.jpg 0 0 0
files/p18/p18711952/s56213448/45efdb5c-2180d248-108c9392-5955178b-868c7a3c.jpg 0 1 0
files/p18/p18711952/s57838646/0cb02560-352c9600-b0e42b70-beca070f-e0490c9b.jpg 0 1 0
files/p18/p18713335/s56629662/25d32771-00781a5a-8920ea8f-ae2f4879-373b3c21.jpg 1 0 0
files/p18/p18713335/s56629662/2c7ae42e-e41f0d63-f348381f-7888cf5b-491ac2cc.jpg 1 0 0
files/p18/p18713335/s58318194/29e8cd30-6d1c3bf6-20b37ebf-0129c596-941196da.jpg 0 0 0
files/p18/p18713335/s58417790/b29d0852-2f33563f-2443c212-e00db2ff-74a4c5d7.jpg 1 0 0
files/p18/p18783450/s54421674/08f2e527-aed6e0fd-7613e553-eebf480b-65419307.jpg 0 1 0
files/p18/p18783450/s57910629/37a46521-d5ee05d1-8c835430-1d166619-087e5154.jpg 0 1 0
files/p18/p18783450/s57910629/422394dc-7c849c9c-4ece98cb-98ba7ba7-44430271.jpg 0 1 0
files/p18/p18783450/s57910629/712bc05c-fcb07be3-8b5fbf1a-43379379-df689356.jpg 0 1 0
files/p18/p18783450/s58473980/1f400fee-753579b0-b459be3b-04c5dbab-120f6074.jpg 0 0 0
files/p18/p18795271/s51769537/01884108-3101cca3-0fe40d44-deb3e031-fe8bc647.jpg 0 0 0
files/p18/p18827738/s54191170/67f234c1-478fd442-029776c8-c5f0b2d1-d6e0b994.jpg 0 0 0
files/p18/p18827738/s54191170/ca4ee096-74120228-b98bdda3-8a6b881a-616b1793.jpg 0 0 0
files/p18/p18827738/s55331592/f487266f-6dea1fff-43365092-396868ad-c98b60cb.jpg 0 0 0
files/p18/p18971051/s51076696/dcda9207-1934e86d-ee932544-116c6360-2c689e4d.jpg 0 0 0
files/p18/p18971051/s52465162/0c088f46-a898f4d0-f2c3ebaf-d0ebdf2f-26b6a95e.jpg 0 0 0
files/p18/p18971051/s57901910/0469019a-6cd3631d-c792015d-a2891105-1e527c1a.jpg 0 0 0
files/p19/p19001598/s54038226/2c8f15e6-d3fed417-e5c8efc5-20074fce-ef925ffa.jpg 0 0 0
files/p19/p19001598/s58253643/01ac23e4-2e8ff6db-5c62d77f-fd15e7d9-9850b8c5.jpg 0 1 0
files/p19/p19045192/s52704228/7fc62039-7d07c76e-bed2b1d5-5c06a0b3-c6684d07.jpg 0 0 0
files/p19/p19045192/s54353558/3694d980-dfbab221-6c09fb9f-436a7848-8fc1c1f9.jpg 0 0 0
files/p19/p19045192/s54353558/51ccd2f2-81bd59a9-10d57832-76910dd4-9757fbf3.jpg 0 0 0
files/p19/p19079797/s52498426/ca35468b-f8c1177c-cb354cc1-79281df8-b354b74d.jpg 0 0 0
files/p19/p19112585/s50417837/e3bf86d4-2c188caf-80a8b447-d21fd5c8-83251226.jpg 1 1 0
files/p19/p19112585/s50907555/98e92146-cf132a6d-d90a4651-242ac169-fea4e9f8.jpg 0 0 0
files/p19/p19112585/s51263600/2eb2c117-a495b0ea-466306d2-d1850d33-09918dc6.jpg 0 1 0
files/p19/p19112585/s51825039/ed33263a-e35f6636-9c2018a1-259dfa81-3022c5b4.jpg 1 1 0
files/p19/p19112585/s52350751/bcdccbea-2977c6e2-95eeb72a-3a7b6a89-ce41591a.jpg 1 1 0
files/p19/p19112585/s54898602/d6b8c37f-5e300c14-2ef5df39-9a6aaed8-96b5e681.jpg 0 0 0
files/p19/p19112585/s55332191/6e0c3a9d-b6a3aad7-a1167a4c-7aa2cbf2-f2410dc0.jpg 0 1 0
files/p19/p19112585/s55747398/2245b56c-bef29181-03fb974d-088f889f-31d7c6e7.jpg 1 1 0
files/p19/p19112585/s55747398/3e8150f5-16ec8826-edb42d0e-18f9504b-dc42097f.jpg 1 1 0
files/p19/p19112585/s55937978/2d9ed611-bc3073f4-d4e08942-1248dbfd-bacafcb5.jpg 0 1 1
files/p19/p19112585/s58052191/9f997d60-cf0331fe-18c6ed7f-d56768f9-1fac8323.jpg 1 1 0
files/p19/p19112585/s58996566/f1f2b384-1ed8cf77-dbdb7e4c-c5c50a77-ffb579d3.jpg 1 1 0
files/p19/p19112585/s59975773/a09b466b-9724e5f0-d2ac9a43-4acb44c4-dac93e07.jpg 1 1 0
files/p19/p19112585/s59975773/bccf39d1-b1198fdc-c79b3778-9ae6e91c-8804d3ac.jpg 1 1 0
files/p19/p19245983/s54164846/9113059a-7f7d2278-1cf93415-c8add273-78e36ba7.jpg 0 0 0
files/p19/p19254322/s54752436/6552c73b-641178aa-c4ebf4fa-a12d5896-b0902876.jpg 0 0 0
files/p19/p19254322/s57036456/06b75236-ced07b2e-79c9e581-f467c788-1f9b791f.jpg 0 0 0
files/p19/p19254322/s57699153/07433a77-6618a230-fa1a2487-25bdc989-873a79da.jpg 0 1 0
files/p19/p19358609/s50546404/19acab4d-9db0ca67-2cd73a86-53c399fe-f5fabe3e.jpg 0 0 0
files/p19/p19358609/s50685017/96f87f7a-986127ad-254bbe00-6092f98c-b455bf5e.jpg 0 0 0
files/p19/p19358609/s51015335/d6578a26-c6384eff-9c8f4ab6-bfb13557-27002f4f.jpg 0 1 0
files/p19/p19358609/s53857831/5a9c035a-33267a29-76c4b71b-04e91d63-e786f0ab.jpg 0 0 0
files/p19/p19358609/s53962747/a3c6daf4-a1f8a440-b76bea37-642515bf-da5c72bd.jpg 0 0 0
files/p19/p19358609/s54721865/90dc8a36-b65c30b0-f61c7c30-0cb97d36-9c2108dc.jpg 0 0 0
files/p19/p19358609/s55682079/e4532f81-d73cf78d-6747f5f7-f662d37a-93adfab2.jpg 1 0 0
files/p19/p19358609/s56325235/2fed9c2c-64914c97-cb9d127e-7724fdc3-079b6dc1.jpg 0 1 0
files/p19/p19358609/s56345686/2eded953-12e403aa-4515137d-deea45f7-2743ebe9.jpg 0 1 0
files/p19/p19358609/s57135581/190c77fc-21f447bf-1bcfcedc-289f119d-bf901d30.jpg 1 1 0
files/p19/p19358609/s57935686/19b27bf0-71c9fedb-001e6ba5-2e5dda70-8c6ed8b4.jpg 0 1 0
files/p19/p19358609/s57984800/feaef4bc-9543453e-5299332e-ba1069aa-f1907e03.jpg 0 1 0
files/p19/p19358609/s58676813/a910b094-06011b04-d15075aa-21b8d267-25f63219.jpg 0 1 0
files/p19/p19358609/s58804781/916c8cda-4a5b71e7-48853bfe-64498756-5f944dfe.jpg 0 0 0
files/p19/p19358609/s59338434/3ae34505-09ffb124-9c5fe036-82b07f1e-8705cb06.jpg 0 0 0
files/p19/p19358609/s59658365/2d432182-9bf3ffc9-5168db43-277efaa2-9a16f74a.jpg 0 1 0
files/p19/p19358609/s59926281/6f58b90c-095967a1-12f62c81-70614815-9208a903.jpg 0 0 0
files/p19/p19358609/s59969313/37230aa4-c435f397-efca09f0-e71f6a7f-ccd59a4a.jpg 0 0 0
files/p19/p19366448/s51571135/da330caa-eaa7ebe9-4d1535ac-17f87653-e729c518.jpg 1 0 0
files/p19/p19366448/s56614916/4c21d27a-14b093bd-9c833943-ccdfb838-1b72eec0.jpg 0 0 0
files/p19/p19366448/s57258316/c5c9ba27-4ce72de1-06e2852c-338a1906-49904456.jpg 0 1 0
files/p19/p19366448/s57729179/865486e4-6d43765f-e1cebccc-d80670c5-b9aeea25.jpg 0 1 0
files/p19/p19468400/s59457175/013d509d-3aabeff2-5f8a03ca-0fa9071b-9475198d.jpg 0 0 0
files/p19/p19486351/s58557335/278ef848-f481280c-dc9c5c10-bbaaf9d2-37100e82.jpg 0 0 0
files/p19/p19580789/s55456794/a4fb4d63-a48fc7f0-fce5fdee-044f6290-6963a261.jpg 0 0 0
files/p19/p19587538/s52370369/f615e0cd-8708c9de-4c3c409c-61733455-21d87814.jpg 0 0 0
files/p19/p19587538/s52705257/af3bd66e-b12a61bb-31b04389-8bfe9264-e50eef1b.jpg 0 0 0
files/p19/p19598137/s50422579/c5157006-1a73eeaf-efe1fd1c-7c18314b-7183f206.jpg 0 0 0
files/p19/p19598137/s51118033/ea096f49-af1e650c-7f97b6e7-1a3d6813-f7276d49.jpg 0 0 0
files/p19/p19598137/s52070310/6f9b4419-458e6f28-c82d6907-73e32753-6c0c1e05.jpg 1 1 0
files/p19/p19598137/s54003094/2eccb67e-a8677000-bc5af537-c58f2e49-f4234ef1.jpg 1 0 0
files/p19/p19598137/s57114319/837f34fb-f3caa2c0-91f85420-2a52db56-db213e08.jpg 1 0 0
files/p19/p19598137/s57551344/ea288c46-b57777bf-b5b617cc-c21e01ab-f7a752af.jpg 1 1 0
files/p19/p19636128/s50421655/84f45a41-bb20a8f4-788c0893-ebfc60e0-d1a50ed2.jpg 0 0 0
files/p19/p19636128/s50421655/8c1f9b73-cfb72331-df480911-a6810f9a-a3fcbcb9.jpg 0 0 0
files/p19/p19636128/s53867841/3d798d0a-869fac09-5939ab06-011a871f-2f43260b.jpg 0 0 0
files/p19/p19769430/s58783883/2a46f86f-aa12bf29-81681d7d-afb9c9d8-23629fe0.jpg 0 1 0
files/p19/p19837705/s52132258/e8b2aa8e-420f069d-51dc7f6f-2c778b27-c505a888.jpg 0 0 0
files/p19/p19837705/s53199615/409ab484-fda170e7-cda34211-b9ba9941-eb94231c.jpg 0 0 0
files/p19/p19890030/s51104313/59b03271-bcecfa84-7b2e92ae-e5846d6d-e977136a.jpg 1 1 0
files/p19/p19890030/s51116903/f82ff9bb-9bbb3f96-d55b669c-6b737ab9-ec52275a.jpg 0 0 0
files/p19/p19890030/s52519588/9da44dd4-f08ae82f-ac9dd82e-966b3d51-9fec0a87.jpg 0 0 0
files/p19/p19890030/s52916619/ed3ea821-d5846c32-5f18d81a-657f73d8-472d55eb.jpg 1 1 0
files/p19/p19890030/s53194989/6df0cd0f-91dd20ee-536b79af-b3e50b34-32f3f9b1.jpg 1 1 0
files/p19/p19890030/s55960980/7836bdb5-cf4a3248-ef755485-efddc4f8-838caea7.jpg 1 1 0
files/p19/p19890030/s56131156/6d0fb843-3f18a296-cc24e0d5-d5196b76-d27ae8c5.jpg 1 1 0
files/p19/p19890030/s57351800/a467ed3c-e5c2d31f-310831c5-6bfd3ab4-fc6a815b.jpg 1 1 0
files/p19/p19890030/s57378297/eac34627-0d789691-739a8249-d2bf5f3c-c4240547.jpg 1 1 0
files/p19/p19890030/s57519317/10e73dc9-0b884e25-eafa8a2f-300f0487-def8b4d6.jpg 1 1 0
files/p19/p19890030/s57919531/d1ea5ea1-2de5c378-91bf68a9-68b52f49-c9f7e486.jpg 1 0 0
files/p19/p19890030/s57980997/e174e22d-517ea52f-b085dd2a-be0e9ea0-7d59e8de.jpg 1 1 0
files/p19/p19890030/s58510002/3435ed46-ac4d2fc9-701d2553-97322bab-a7090480.jpg 1 1 0
files/p19/p19890030/s58522311/70902757-a017a659-da4b19d2-03d0af76-59db344f.jpg 1 1 0
files/p19/p19890030/s59340980/7302c211-bcfb3845-18039b6f-551fc6f1-549ee247.jpg 1 1 0
files/p19/p19890030/s59921918/fd85d68f-eb20917f-47c20d2b-ecd0f4e7-2bdee415.jpg 1 1 0
files/p19/p19932024/s50370886/fc82e711-14ed01dc-ce2a326a-162251e4-aee54953.jpg 1 0 0
files/p19/p19932024/s50963033/fc325dc2-bf224206-062f3c9e-47aae515-4ef25cc0.jpg 1 0 0
files/p19/p19932024/s54345212/68ccd799-61e98428-3c7d8e41-6cbc342c-3426519b.jpg 1 0 0
files/p19/p19932024/s54635186/63632dd8-b728b108-982f3619-2ca6f6b2-61729c7f.jpg 1 1 0
files/p19/p19932024/s56211786/e83af64a-ef08e235-e0e92758-c6fe1b4d-09380b28.jpg 0 0 0
files/p19/p19932024/s58536194/937ff0e8-71a2ffe2-83753442-7400aa5e-eceef12c.jpg 1 0 0
files/p19/p19932024/s58958645/f77e46ef-2fa9d49a-1defe019-ac2c199d-7695e244.jpg 0 0 0
files/p19/p19932024/s59300264/943f96be-7c33efa1-3665b82f-60d8f305-a6ed2d9d.jpg 1 0 0
files/p19/p19950864/s53502057/1fc7bf88-79d4deaf-2efe8540-6361e421-37a2c6fa.jpg 1 0 0
